'Elapsed time','ECG I filtered'
'hh:mm:ss.mmm','mV'
'0:00.000',-0.060
'0:00.002',-0.035
'0:00.004',-0.015
'0:00.006',0.000
'0:00.008',0.010
'0:00.010',0.015
'0:00.012',0.015
'0:00.014',0.010
'0:00.016',0.005
'0:00.018',0.000
'0:00.020',-0.005
'0:00.022',-0.010
'0:00.024',-0.005
'0:00.026',-0.005
'0:00.028',0.000
'0:00.030',0.000
'0:00.032',0.005
'0:00.034',0.005
'0:00.036',0.000
'0:00.038',0.000
'0:00.040',-0.005
'0:00.042',-0.005
'0:00.044',-0.005
'0:00.046',-0.005
'0:00.048',0.000
'0:00.050',0.005
'0:00.052',0.010
'0:00.054',0.015
'0:00.056',0.015
'0:00.058',0.015
'0:00.060',0.010
'0:00.062',0.005
'0:00.064',0.000
'0:00.066',0.000
'0:00.068',0.000
'0:00.070',0.000
'0:00.072',0.000
'0:00.074',0.005
'0:00.076',0.005
'0:00.078',0.005
'0:00.080',0.005
'0:00.082',0.005
'0:00.084',0.005
'0:00.086',0.000
'0:00.088',0.000
'0:00.090',0.000
'0:00.092',0.000
'0:00.094',0.000
'0:00.096',0.000
'0:00.098',0.000
'0:00.100',-0.005
'0:00.102',-0.005
'0:00.104',-0.010
'0:00.106',-0.015
'0:00.108',-0.015
'0:00.110',-0.015
'0:00.112',-0.010
'0:00.114',-0.005
'0:00.116',0.000
'0:00.118',0.005
'0:00.120',0.005
'0:00.122',0.005
'0:00.124',0.005
'0:00.126',0.005
'0:00.128',0.000
'0:00.130',0.000
'0:00.132',0.005
'0:00.134',0.005
'0:00.136',0.015
'0:00.138',0.020
'0:00.140',0.025
'0:00.142',0.025
'0:00.144',0.025
'0:00.146',0.015
'0:00.148',0.010
'0:00.150',0.000
'0:00.152',-0.005
'0:00.154',-0.010
'0:00.156',-0.010
'0:00.158',-0.005
'0:00.160',0.000
'0:00.162',0.005
'0:00.164',0.010
'0:00.166',0.010
'0:00.168',0.010
'0:00.170',0.005
'0:00.172',0.000
'0:00.174',-0.005
'0:00.176',-0.005
'0:00.178',-0.005
'0:00.180',-0.005
'0:00.182',-0.005
'0:00.184',-0.005
'0:00.186',-0.005
'0:00.188',-0.010
'0:00.190',-0.015
'0:00.192',-0.020
'0:00.194',-0.020
'0:00.196',-0.020
'0:00.198',-0.015
'0:00.200',-0.010
'0:00.202',-0.005
'0:00.204',0.005
'0:00.206',0.010
'0:00.208',0.015
'0:00.210',0.015
'0:00.212',0.020
'0:00.214',0.015
'0:00.216',0.015
'0:00.218',0.010
'0:00.220',0.010
'0:00.222',0.010
'0:00.224',0.010
'0:00.226',0.010
'0:00.228',0.010
'0:00.230',0.015
'0:00.232',0.020
'0:00.234',0.025
'0:00.236',0.030
'0:00.238',0.035
'0:00.240',0.045
'0:00.242',0.050
'0:00.244',0.055
'0:00.246',0.055
'0:00.248',0.055
'0:00.250',0.050
'0:00.252',0.045
'0:00.254',0.035
'0:00.256',0.025
'0:00.258',0.015
'0:00.260',0.005
'0:00.262',-0.005
'0:00.264',-0.015
'0:00.266',-0.020
'0:00.268',-0.025
'0:00.270',-0.030
'0:00.272',-0.030
'0:00.274',-0.030
'0:00.276',-0.030
'0:00.278',-0.025
'0:00.280',-0.025
'0:00.282',-0.025
'0:00.284',-0.025
'0:00.286',-0.025
'0:00.288',-0.030
'0:00.290',-0.035
'0:00.292',-0.040
'0:00.294',-0.040
'0:00.296',-0.040
'0:00.298',-0.040
'0:00.300',-0.035
'0:00.302',-0.035
'0:00.304',-0.035
'0:00.306',-0.035
'0:00.308',-0.040
'0:00.310',-0.050
'0:00.312',-0.060
'0:00.314',-0.070
'0:00.316',-0.080
'0:00.318',-0.080
'0:00.320',-0.075
'0:00.322',-0.070
'0:00.324',-0.055
'0:00.326',-0.045
'0:00.328',-0.040
'0:00.330',-0.045
'0:00.332',-0.055
'0:00.334',-0.075
'0:00.336',-0.095
'0:00.338',-0.105
'0:00.340',-0.105
'0:00.342',-0.080
'0:00.344',-0.025
'0:00.346',0.060
'0:00.348',0.165
'0:00.350',0.290
'0:00.352',0.415
'0:00.354',0.525
'0:00.356',0.605
'0:00.358',0.645
'0:00.360',0.635
'0:00.362',0.585
'0:00.364',0.490
'0:00.366',0.370
'0:00.368',0.240
'0:00.370',0.110
'0:00.372',0.000
'0:00.374',-0.080
'0:00.376',-0.130
'0:00.378',-0.150
'0:00.380',-0.145
'0:00.382',-0.120
'0:00.384',-0.085
'0:00.386',-0.055
'0:00.388',-0.030
'0:00.390',-0.015
'0:00.392',-0.010
'0:00.394',-0.020
'0:00.396',-0.030
'0:00.398',-0.045
'0:00.400',-0.060
'0:00.402',-0.070
'0:00.404',-0.075
'0:00.406',-0.075
'0:00.408',-0.070
'0:00.410',-0.060
'0:00.412',-0.050
'0:00.414',-0.045
'0:00.416',-0.040
'0:00.418',-0.040
'0:00.420',-0.045
'0:00.422',-0.050
'0:00.424',-0.055
'0:00.426',-0.065
'0:00.428',-0.070
'0:00.430',-0.070
'0:00.432',-0.070
'0:00.434',-0.065
'0:00.436',-0.060
'0:00.438',-0.055
'0:00.440',-0.045
'0:00.442',-0.040
'0:00.444',-0.040
'0:00.446',-0.040
'0:00.448',-0.045
'0:00.450',-0.050
'0:00.452',-0.055
'0:00.454',-0.065
'0:00.456',-0.065
'0:00.458',-0.065
'0:00.460',-0.055
'0:00.462',-0.050
'0:00.464',-0.040
'0:00.466',-0.030
'0:00.468',-0.025
'0:00.470',-0.025
'0:00.472',-0.030
'0:00.474',-0.035
'0:00.476',-0.040
'0:00.478',-0.045
'0:00.480',-0.050
'0:00.482',-0.050
'0:00.484',-0.045
'0:00.486',-0.040
'0:00.488',-0.035
'0:00.490',-0.030
'0:00.492',-0.030
'0:00.494',-0.030
'0:00.496',-0.035
'0:00.498',-0.045
'0:00.500',-0.050
'0:00.502',-0.055
'0:00.504',-0.055
'0:00.506',-0.050
'0:00.508',-0.050
'0:00.510',-0.040
'0:00.512',-0.035
'0:00.514',-0.025
'0:00.516',-0.020
'0:00.518',-0.015
'0:00.520',-0.015
'0:00.522',-0.010
'0:00.524',-0.010
'0:00.526',-0.010
'0:00.528',-0.005
'0:00.530',-0.005
'0:00.532',0.000
'0:00.534',0.005
'0:00.536',0.005
'0:00.538',0.010
'0:00.540',0.015
'0:00.542',0.020
'0:00.544',0.025
'0:00.546',0.025
'0:00.548',0.030
'0:00.550',0.030
'0:00.552',0.030
'0:00.554',0.030
'0:00.556',0.030
'0:00.558',0.035
'0:00.560',0.040
'0:00.562',0.045
'0:00.564',0.050
'0:00.566',0.060
'0:00.568',0.070
'0:00.570',0.080
'0:00.572',0.090
'0:00.574',0.095
'0:00.576',0.100
'0:00.578',0.105
'0:00.580',0.105
'0:00.582',0.110
'0:00.584',0.115
'0:00.586',0.120
'0:00.588',0.130
'0:00.590',0.135
'0:00.592',0.140
'0:00.594',0.145
'0:00.596',0.145
'0:00.598',0.150
'0:00.600',0.150
'0:00.602',0.150
'0:00.604',0.150
'0:00.606',0.150
'0:00.608',0.150
'0:00.610',0.145
'0:00.612',0.145
'0:00.614',0.140
'0:00.616',0.135
'0:00.618',0.125
'0:00.620',0.115
'0:00.622',0.100
'0:00.624',0.090
'0:00.626',0.075
'0:00.628',0.060
'0:00.630',0.050
'0:00.632',0.045
'0:00.634',0.045
'0:00.636',0.040
'0:00.638',0.045
'0:00.640',0.045
'0:00.642',0.040
'0:00.644',0.035
'0:00.646',0.025
'0:00.648',0.015
'0:00.650',0.000
'0:00.652',-0.010
'0:00.654',-0.020
'0:00.656',-0.025
'0:00.658',-0.025
'0:00.660',-0.020
'0:00.662',-0.010
'0:00.664',-0.005
'0:00.666',0.000
'0:00.668',0.000
'0:00.670',-0.005
'0:00.672',-0.015
'0:00.674',-0.025
'0:00.676',-0.040
'0:00.678',-0.050
'0:00.680',-0.055
'0:00.682',-0.055
'0:00.684',-0.050
'0:00.686',-0.040
'0:00.688',-0.030
'0:00.690',-0.020
'0:00.692',-0.015
'0:00.694',-0.015
'0:00.696',-0.020
'0:00.698',-0.030
'0:00.700',-0.040
'0:00.702',-0.050
'0:00.704',-0.055
'0:00.706',-0.060
'0:00.708',-0.055
'0:00.710',-0.050
'0:00.712',-0.045
'0:00.714',-0.040
'0:00.716',-0.035
'0:00.718',-0.040
'0:00.720',-0.045
'0:00.722',-0.050
'0:00.724',-0.055
'0:00.726',-0.060
'0:00.728',-0.060
'0:00.730',-0.055
'0:00.732',-0.050
'0:00.734',-0.040
'0:00.736',-0.035
'0:00.738',-0.030
'0:00.740',-0.035
'0:00.742',-0.040
'0:00.744',-0.050
'0:00.746',-0.060
'0:00.748',-0.070
'0:00.750',-0.075
'0:00.752',-0.075
'0:00.754',-0.070
'0:00.756',-0.060
'0:00.758',-0.045
'0:00.760',-0.035
'0:00.762',-0.025
'0:00.764',-0.020
'0:00.766',-0.020
'0:00.768',-0.020
'0:00.770',-0.030
'0:00.772',-0.035
'0:00.774',-0.045
'0:00.776',-0.045
'0:00.778',-0.050
'0:00.780',-0.050
'0:00.782',-0.045
'0:00.784',-0.045
'0:00.786',-0.045
'0:00.788',-0.040
'0:00.790',-0.040
'0:00.792',-0.045
'0:00.794',-0.040
'0:00.796',-0.040
'0:00.798',-0.035
'0:00.800',-0.030
'0:00.802',-0.030
'0:00.804',-0.025
'0:00.806',-0.025
'0:00.808',-0.030
'0:00.810',-0.035
'0:00.812',-0.040
'0:00.814',-0.045
'0:00.816',-0.045
'0:00.818',-0.050
'0:00.820',-0.050
'0:00.822',-0.045
'0:00.824',-0.045
'0:00.826',-0.040
'0:00.828',-0.040
'0:00.830',-0.035
'0:00.832',-0.035
'0:00.834',-0.040
'0:00.836',-0.040
'0:00.838',-0.040
'0:00.840',-0.040
'0:00.842',-0.040
'0:00.844',-0.040
'0:00.846',-0.040
'0:00.848',-0.040
'0:00.850',-0.040
'0:00.852',-0.040
'0:00.854',-0.040
'0:00.856',-0.040
'0:00.858',-0.040
'0:00.860',-0.035
'0:00.862',-0.035
'0:00.864',-0.035
'0:00.866',-0.030
'0:00.868',-0.030
'0:00.870',-0.035
'0:00.872',-0.035
'0:00.874',-0.040
'0:00.876',-0.045
'0:00.878',-0.045
'0:00.880',-0.040
'0:00.882',-0.035
'0:00.884',-0.030
'0:00.886',-0.025
'0:00.888',-0.020
'0:00.890',-0.015
'0:00.892',-0.015
'0:00.894',-0.020
'0:00.896',-0.025
'0:00.898',-0.030
'0:00.900',-0.035
'0:00.902',-0.040
'0:00.904',-0.040
'0:00.906',-0.035
'0:00.908',-0.030
'0:00.910',-0.025
'0:00.912',-0.025
'0:00.914',-0.030
'0:00.916',-0.035
'0:00.918',-0.045
'0:00.920',-0.055
'0:00.922',-0.065
'0:00.924',-0.070
'0:00.926',-0.075
'0:00.928',-0.075
'0:00.930',-0.065
'0:00.932',-0.055
'0:00.934',-0.045
'0:00.936',-0.035
'0:00.938',-0.025
'0:00.940',-0.015
'0:00.942',-0.015
'0:00.944',-0.015
'0:00.946',-0.020
'0:00.948',-0.025
'0:00.950',-0.030
'0:00.952',-0.035
'0:00.954',-0.040
'0:00.956',-0.040
'0:00.958',-0.045
'0:00.960',-0.045
'0:00.962',-0.045
'0:00.964',-0.045
'0:00.966',-0.040
'0:00.968',-0.035
'0:00.970',-0.030
'0:00.972',-0.020
'0:00.974',-0.010
'0:00.976',-0.005
'0:00.978',0.005
'0:00.980',0.005
'0:00.982',0.010
'0:00.984',0.005
'0:00.986',0.005
'0:00.988',0.005
'0:00.990',0.005
'0:00.992',0.010
'0:00.994',0.015
'0:00.996',0.025
'0:00.998',0.035
'0:01.000',0.045
'0:01.002',0.050
'0:01.004',0.050
'0:01.006',0.045
'0:01.008',0.035
'0:01.010',0.020
'0:01.012',0.010
'0:01.014',-0.005
'0:01.016',-0.015
'0:01.018',-0.025
'0:01.020',-0.030
'0:01.022',-0.035
'0:01.024',-0.040
'0:01.026',-0.045
'0:01.028',-0.050
'0:01.030',-0.050
'0:01.032',-0.055
'0:01.034',-0.060
'0:01.036',-0.060
'0:01.038',-0.060
'0:01.040',-0.060
'0:01.042',-0.055
'0:01.044',-0.055
'0:01.046',-0.050
'0:01.048',-0.050
'0:01.050',-0.050
'0:01.052',-0.055
'0:01.054',-0.055
'0:01.056',-0.060
'0:01.058',-0.060
'0:01.060',-0.060
'0:01.062',-0.060
'0:01.064',-0.055
'0:01.066',-0.050
'0:01.068',-0.045
'0:01.070',-0.045
'0:01.072',-0.040
'0:01.074',-0.040
'0:01.076',-0.040
'0:01.078',-0.045
'0:01.080',-0.050
'0:01.082',-0.060
'0:01.084',-0.070
'0:01.086',-0.085
'0:01.088',-0.100
'0:01.090',-0.110
'0:01.092',-0.115
'0:01.094',-0.110
'0:01.096',-0.080
'0:01.098',-0.035
'0:01.100',0.035
'0:01.102',0.130
'0:01.104',0.235
'0:01.106',0.350
'0:01.108',0.455
'0:01.110',0.540
'0:01.112',0.590
'0:01.114',0.600
'0:01.116',0.570
'0:01.118',0.500
'0:01.120',0.400
'0:01.122',0.275
'0:01.124',0.150
'0:01.126',0.030
'0:01.128',-0.070
'0:01.130',-0.140
'0:01.132',-0.175
'0:01.134',-0.185
'0:01.136',-0.170
'0:01.138',-0.140
'0:01.140',-0.105
'0:01.142',-0.065
'0:01.144',-0.040
'0:01.146',-0.025
'0:01.148',-0.020
'0:01.150',-0.025
'0:01.152',-0.035
'0:01.154',-0.050
'0:01.156',-0.060
'0:01.158',-0.070
'0:01.160',-0.070
'0:01.162',-0.070
'0:01.164',-0.065
'0:01.166',-0.060
'0:01.168',-0.060
'0:01.170',-0.060
'0:01.172',-0.060
'0:01.174',-0.065
'0:01.176',-0.065
'0:01.178',-0.065
'0:01.180',-0.065
'0:01.182',-0.060
'0:01.184',-0.050
'0:01.186',-0.045
'0:01.188',-0.040
'0:01.190',-0.035
'0:01.192',-0.035
'0:01.194',-0.040
'0:01.196',-0.045
'0:01.198',-0.050
'0:01.200',-0.050
'0:01.202',-0.050
'0:01.204',-0.050
'0:01.206',-0.045
'0:01.208',-0.040
'0:01.210',-0.040
'0:01.212',-0.035
'0:01.214',-0.035
'0:01.216',-0.040
'0:01.218',-0.040
'0:01.220',-0.040
'0:01.222',-0.040
'0:01.224',-0.040
'0:01.226',-0.040
'0:01.228',-0.035
'0:01.230',-0.035
'0:01.232',-0.040
'0:01.234',-0.040
'0:01.236',-0.045
'0:01.238',-0.050
'0:01.240',-0.050
'0:01.242',-0.050
'0:01.244',-0.045
'0:01.246',-0.040
'0:01.248',-0.035
'0:01.250',-0.025
'0:01.252',-0.020
'0:01.254',-0.020
'0:01.256',-0.020
'0:01.258',-0.020
'0:01.260',-0.025
'0:01.262',-0.025
'0:01.264',-0.030
'0:01.266',-0.025
'0:01.268',-0.025
'0:01.270',-0.015
'0:01.272',-0.010
'0:01.274',0.005
'0:01.276',0.015
'0:01.278',0.020
'0:01.280',0.025
'0:01.282',0.030
'0:01.284',0.030
'0:01.286',0.025
'0:01.288',0.015
'0:01.290',0.010
'0:01.292',0.005
'0:01.294',0.005
'0:01.296',0.005
'0:01.298',0.010
'0:01.300',0.015
'0:01.302',0.025
'0:01.304',0.035
'0:01.306',0.045
'0:01.308',0.055
'0:01.310',0.060
'0:01.312',0.065
'0:01.314',0.070
'0:01.316',0.075
'0:01.318',0.080
'0:01.320',0.085
'0:01.322',0.090
'0:01.324',0.100
'0:01.326',0.105
'0:01.328',0.105
'0:01.330',0.110
'0:01.332',0.110
'0:01.334',0.115
'0:01.336',0.120
'0:01.338',0.125
'0:01.340',0.135
'0:01.342',0.145
'0:01.344',0.160
'0:01.346',0.170
'0:01.348',0.175
'0:01.350',0.175
'0:01.352',0.175
'0:01.354',0.165
'0:01.356',0.155
'0:01.358',0.140
'0:01.360',0.130
'0:01.362',0.125
'0:01.364',0.125
'0:01.366',0.130
'0:01.368',0.135
'0:01.370',0.150
'0:01.372',0.155
'0:01.374',0.160
'0:01.376',0.160
'0:01.378',0.150
'0:01.380',0.135
'0:01.382',0.120
'0:01.384',0.100
'0:01.386',0.080
'0:01.388',0.070
'0:01.390',0.060
'0:01.392',0.055
'0:01.394',0.055
'0:01.396',0.055
'0:01.398',0.055
'0:01.400',0.050
'0:01.402',0.045
'0:01.404',0.035
'0:01.406',0.025
'0:01.408',0.015
'0:01.410',0.000
'0:01.412',-0.005
'0:01.414',-0.015
'0:01.416',-0.020
'0:01.418',-0.025
'0:01.420',-0.025
'0:01.422',-0.030
'0:01.424',-0.030
'0:01.426',-0.035
'0:01.428',-0.035
'0:01.430',-0.035
'0:01.432',-0.030
'0:01.434',-0.025
'0:01.436',-0.020
'0:01.438',-0.010
'0:01.440',-0.005
'0:01.442',0.000
'0:01.444',0.005
'0:01.446',0.000
'0:01.448',-0.005
'0:01.450',-0.015
'0:01.452',-0.025
'0:01.454',-0.035
'0:01.456',-0.040
'0:01.458',-0.045
'0:01.460',-0.045
'0:01.462',-0.040
'0:01.464',-0.035
'0:01.466',-0.035
'0:01.468',-0.030
'0:01.470',-0.030
'0:01.472',-0.030
'0:01.474',-0.035
'0:01.476',-0.040
'0:01.478',-0.045
'0:01.480',-0.045
'0:01.482',-0.045
'0:01.484',-0.045
'0:01.486',-0.035
'0:01.488',-0.030
'0:01.490',-0.025
'0:01.492',-0.020
'0:01.494',-0.020
'0:01.496',-0.020
'0:01.498',-0.025
'0:01.500',-0.030
'0:01.502',-0.030
'0:01.504',-0.030
'0:01.506',-0.030
'0:01.508',-0.025
'0:01.510',-0.020
'0:01.512',-0.015
'0:01.514',-0.015
'0:01.516',-0.015
'0:01.518',-0.020
'0:01.520',-0.025
'0:01.522',-0.030
'0:01.524',-0.035
'0:01.526',-0.035
'0:01.528',-0.035
'0:01.530',-0.030
'0:01.532',-0.025
'0:01.534',-0.020
'0:01.536',-0.015
'0:01.538',-0.015
'0:01.540',-0.015
'0:01.542',-0.020
'0:01.544',-0.030
'0:01.546',-0.035
'0:01.548',-0.040
'0:01.550',-0.040
'0:01.552',-0.040
'0:01.554',-0.035
'0:01.556',-0.030
'0:01.558',-0.025
'0:01.560',-0.025
'0:01.562',-0.025
'0:01.564',-0.030
'0:01.566',-0.035
'0:01.568',-0.040
'0:01.570',-0.040
'0:01.572',-0.035
'0:01.574',-0.030
'0:01.576',-0.020
'0:01.578',-0.010
'0:01.580',-0.005
'0:01.582',-0.010
'0:01.584',-0.015
'0:01.586',-0.025
'0:01.588',-0.040
'0:01.590',-0.050
'0:01.592',-0.060
'0:01.594',-0.060
'0:01.596',-0.055
'0:01.598',-0.040
'0:01.600',-0.025
'0:01.602',-0.010
'0:01.604',0.000
'0:01.606',0.005
'0:01.608',0.005
'0:01.610',0.000
'0:01.612',-0.015
'0:01.614',-0.025
'0:01.616',-0.040
'0:01.618',-0.045
'0:01.620',-0.045
'0:01.622',-0.045
'0:01.624',-0.035
'0:01.626',-0.030
'0:01.628',-0.030
'0:01.630',-0.030
'0:01.632',-0.035
'0:01.634',-0.045
'0:01.636',-0.050
'0:01.638',-0.060
'0:01.640',-0.060
'0:01.642',-0.060
'0:01.644',-0.050
'0:01.646',-0.040
'0:01.648',-0.030
'0:01.650',-0.020
'0:01.652',-0.015
'0:01.654',-0.010
'0:01.656',-0.015
'0:01.658',-0.020
'0:01.660',-0.025
'0:01.662',-0.035
'0:01.664',-0.035
'0:01.666',-0.035
'0:01.668',-0.030
'0:01.670',-0.025
'0:01.672',-0.020
'0:01.674',-0.015
'0:01.676',-0.015
'0:01.678',-0.015
'0:01.680',-0.015
'0:01.682',-0.020
'0:01.684',-0.020
'0:01.686',-0.020
'0:01.688',-0.015
'0:01.690',-0.005
'0:01.692',0.005
'0:01.694',0.015
'0:01.696',0.020
'0:01.698',0.025
'0:01.700',0.025
'0:01.702',0.020
'0:01.704',0.015
'0:01.706',0.005
'0:01.708',0.005
'0:01.710',0.005
'0:01.712',0.010
'0:01.714',0.020
'0:01.716',0.030
'0:01.718',0.045
'0:01.720',0.055
'0:01.722',0.060
'0:01.724',0.055
'0:01.726',0.050
'0:01.728',0.040
'0:01.730',0.025
'0:01.732',0.010
'0:01.734',-0.005
'0:01.736',-0.015
'0:01.738',-0.020
'0:01.740',-0.025
'0:01.742',-0.030
'0:01.744',-0.030
'0:01.746',-0.035
'0:01.748',-0.040
'0:01.750',-0.045
'0:01.752',-0.050
'0:01.754',-0.055
'0:01.756',-0.055
'0:01.758',-0.055
'0:01.760',-0.055
'0:01.762',-0.055
'0:01.764',-0.055
'0:01.766',-0.055
'0:01.768',-0.055
'0:01.770',-0.055
'0:01.772',-0.060
'0:01.774',-0.060
'0:01.776',-0.055
'0:01.778',-0.055
'0:01.780',-0.050
'0:01.782',-0.045
'0:01.784',-0.045
'0:01.786',-0.045
'0:01.788',-0.045
'0:01.790',-0.050
'0:01.792',-0.060
'0:01.794',-0.065
'0:01.796',-0.065
'0:01.798',-0.065
'0:01.800',-0.060
'0:01.802',-0.055
'0:01.804',-0.055
'0:01.806',-0.055
'0:01.808',-0.065
'0:01.810',-0.080
'0:01.812',-0.090
'0:01.814',-0.100
'0:01.816',-0.095
'0:01.818',-0.065
'0:01.820',-0.010
'0:01.822',0.075
'0:01.824',0.185
'0:01.826',0.305
'0:01.828',0.420
'0:01.830',0.520
'0:01.832',0.580
'0:01.834',0.600
'0:01.836',0.565
'0:01.838',0.490
'0:01.840',0.380
'0:01.842',0.245
'0:01.844',0.110
'0:01.846',-0.010
'0:01.848',-0.110
'0:01.850',-0.180
'0:01.852',-0.215
'0:01.854',-0.220
'0:01.856',-0.205
'0:01.858',-0.175
'0:01.860',-0.140
'0:01.862',-0.110
'0:01.864',-0.080
'0:01.866',-0.060
'0:01.868',-0.045
'0:01.870',-0.040
'0:01.872',-0.040
'0:01.874',-0.040
'0:01.876',-0.045
'0:01.878',-0.050
'0:01.880',-0.055
'0:01.882',-0.060
'0:01.884',-0.060
'0:01.886',-0.055
'0:01.888',-0.050
'0:01.890',-0.045
'0:01.892',-0.035
'0:01.894',-0.025
'0:01.896',-0.025
'0:01.898',-0.025
'0:01.900',-0.030
'0:01.902',-0.040
'0:01.904',-0.050
'0:01.906',-0.060
'0:01.908',-0.070
'0:01.910',-0.080
'0:01.912',-0.080
'0:01.914',-0.075
'0:01.916',-0.070
'0:01.918',-0.060
'0:01.920',-0.050
'0:01.922',-0.035
'0:01.924',-0.025
'0:01.926',-0.015
'0:01.928',-0.010
'0:01.930',-0.010
'0:01.932',-0.010
'0:01.934',-0.015
'0:01.936',-0.025
'0:01.938',-0.030
'0:01.940',-0.040
'0:01.942',-0.045
'0:01.944',-0.045
'0:01.946',-0.045
'0:01.948',-0.040
'0:01.950',-0.035
'0:01.952',-0.025
'0:01.954',-0.020
'0:01.956',-0.020
'0:01.958',-0.020
'0:01.960',-0.025
'0:01.962',-0.030
'0:01.964',-0.035
'0:01.966',-0.035
'0:01.968',-0.035
'0:01.970',-0.035
'0:01.972',-0.030
'0:01.974',-0.025
'0:01.976',-0.015
'0:01.978',-0.010
'0:01.980',-0.005
'0:01.982',-0.005
'0:01.984',-0.005
'0:01.986',-0.005
'0:01.988',-0.010
'0:01.990',-0.010
'0:01.992',-0.010
'0:01.994',-0.010
'0:01.996',-0.005
'0:01.998',0.000
'0:02.000',0.005
'0:02.002',0.005
'0:02.004',0.010
'0:02.006',0.010
'0:02.008',0.005
'0:02.010',0.005
'0:02.012',0.005
'0:02.014',0.005
'0:02.016',0.010
'0:02.018',0.020
'0:02.020',0.030
'0:02.022',0.045
'0:02.024',0.055
'0:02.026',0.065
'0:02.028',0.070
'0:02.030',0.075
'0:02.032',0.080
'0:02.034',0.080
'0:02.036',0.075
'0:02.038',0.080
'0:02.040',0.080
'0:02.042',0.085
'0:02.044',0.095
'0:02.046',0.105
'0:02.048',0.115
'0:02.050',0.125
'0:02.052',0.130
'0:02.054',0.130
'0:02.056',0.130
'0:02.058',0.130
'0:02.060',0.130
'0:02.062',0.130
'0:02.064',0.130
'0:02.066',0.135
'0:02.068',0.140
'0:02.070',0.145
'0:02.072',0.150
'0:02.074',0.155
'0:02.076',0.160
'0:02.078',0.160
'0:02.080',0.155
'0:02.082',0.155
'0:02.084',0.155
'0:02.086',0.155
'0:02.088',0.155
'0:02.090',0.160
'0:02.092',0.160
'0:02.094',0.155
'0:02.096',0.150
'0:02.098',0.145
'0:02.100',0.130
'0:02.102',0.110
'0:02.104',0.090
'0:02.106',0.075
'0:02.108',0.055
'0:02.110',0.040
'0:02.112',0.030
'0:02.114',0.030
'0:02.116',0.025
'0:02.118',0.030
'0:02.120',0.030
'0:02.122',0.030
'0:02.124',0.030
'0:02.126',0.025
'0:02.128',0.015
'0:02.130',0.005
'0:02.132',-0.005
'0:02.134',-0.015
'0:02.136',-0.025
'0:02.138',-0.030
'0:02.140',-0.030
'0:02.142',-0.025
'0:02.144',-0.020
'0:02.146',-0.015
'0:02.148',-0.010
'0:02.150',-0.010
'0:02.152',-0.010
'0:02.154',-0.020
'0:02.156',-0.030
'0:02.158',-0.040
'0:02.160',-0.050
'0:02.162',-0.060
'0:02.164',-0.065
'0:02.166',-0.065
'0:02.168',-0.065
'0:02.170',-0.060
'0:02.172',-0.055
'0:02.174',-0.045
'0:02.176',-0.040
'0:02.178',-0.035
'0:02.180',-0.030
'0:02.182',-0.030
'0:02.184',-0.030
'0:02.186',-0.030
'0:02.188',-0.035
'0:02.190',-0.040
'0:02.192',-0.045
'0:02.194',-0.045
'0:02.196',-0.045
'0:02.198',-0.045
'0:02.200',-0.045
'0:02.202',-0.040
'0:02.204',-0.040
'0:02.206',-0.035
'0:02.208',-0.035
'0:02.210',-0.035
'0:02.212',-0.035
'0:02.214',-0.035
'0:02.216',-0.040
'0:02.218',-0.040
'0:02.220',-0.040
'0:02.222',-0.040
'0:02.224',-0.035
'0:02.226',-0.030
'0:02.228',-0.025
'0:02.230',-0.020
'0:02.232',-0.015
'0:02.234',-0.015
'0:02.236',-0.020
'0:02.238',-0.020
'0:02.240',-0.025
'0:02.242',-0.030
'0:02.244',-0.035
'0:02.246',-0.040
'0:02.248',-0.040
'0:02.250',-0.035
'0:02.252',-0.030
'0:02.254',-0.025
'0:02.256',-0.020
'0:02.258',-0.020
'0:02.260',-0.020
'0:02.262',-0.020
'0:02.264',-0.020
'0:02.266',-0.025
'0:02.268',-0.025
'0:02.270',-0.030
'0:02.272',-0.030
'0:02.274',-0.030
'0:02.276',-0.030
'0:02.278',-0.030
'0:02.280',-0.030
'0:02.282',-0.030
'0:02.284',-0.030
'0:02.286',-0.030
'0:02.288',-0.035
'0:02.290',-0.035
'0:02.292',-0.035
'0:02.294',-0.035
'0:02.296',-0.035
'0:02.298',-0.035
'0:02.300',-0.030
'0:02.302',-0.030
'0:02.304',-0.030
'0:02.306',-0.030
'0:02.308',-0.035
'0:02.310',-0.035
'0:02.312',-0.040
'0:02.314',-0.045
'0:02.316',-0.045
'0:02.318',-0.045
'0:02.320',-0.040
'0:02.322',-0.035
'0:02.324',-0.025
'0:02.326',-0.020
'0:02.328',-0.015
'0:02.330',-0.005
'0:02.332',-0.005
'0:02.334',-0.005
'0:02.336',-0.005
'0:02.338',-0.015
'0:02.340',-0.020
'0:02.342',-0.025
'0:02.344',-0.035
'0:02.346',-0.040
'0:02.348',-0.040
'0:02.350',-0.040
'0:02.352',-0.040
'0:02.354',-0.035
'0:02.356',-0.030
'0:02.358',-0.025
'0:02.360',-0.020
'0:02.362',-0.020
'0:02.364',-0.025
'0:02.366',-0.030
'0:02.368',-0.035
'0:02.370',-0.040
'0:02.372',-0.045
'0:02.374',-0.045
'0:02.376',-0.045
'0:02.378',-0.040
'0:02.380',-0.035
'0:02.382',-0.030
'0:02.384',-0.025
'0:02.386',-0.020
'0:02.388',-0.020
'0:02.390',-0.020
'0:02.392',-0.025
'0:02.394',-0.030
'0:02.396',-0.030
'0:02.398',-0.030
'0:02.400',-0.025
'0:02.402',-0.020
'0:02.404',-0.010
'0:02.406',-0.005
'0:02.408',0.005
'0:02.410',0.015
'0:02.412',0.020
'0:02.414',0.020
'0:02.416',0.015
'0:02.418',0.015
'0:02.420',0.010
'0:02.422',0.005
'0:02.424',0.005
'0:02.426',0.005
'0:02.428',0.010
'0:02.430',0.020
'0:02.432',0.025
'0:02.434',0.030
'0:02.436',0.030
'0:02.438',0.030
'0:02.440',0.025
'0:02.442',0.015
'0:02.444',0.005
'0:02.446',-0.010
'0:02.448',-0.020
'0:02.450',-0.025
'0:02.452',-0.035
'0:02.454',-0.035
'0:02.456',-0.040
'0:02.458',-0.040
'0:02.460',-0.040
'0:02.462',-0.045
'0:02.464',-0.045
'0:02.466',-0.050
'0:02.468',-0.050
'0:02.470',-0.050
'0:02.472',-0.050
'0:02.474',-0.045
'0:02.476',-0.040
'0:02.478',-0.040
'0:02.480',-0.035
'0:02.482',-0.030
'0:02.484',-0.030
'0:02.486',-0.035
'0:02.488',-0.040
'0:02.490',-0.045
'0:02.492',-0.045
'0:02.494',-0.050
'0:02.496',-0.050
'0:02.498',-0.050
'0:02.500',-0.045
'0:02.502',-0.040
'0:02.504',-0.030
'0:02.506',-0.030
'0:02.508',-0.025
'0:02.510',-0.030
'0:02.512',-0.040
'0:02.514',-0.060
'0:02.516',-0.085
'0:02.518',-0.105
'0:02.520',-0.125
'0:02.522',-0.130
'0:02.524',-0.120
'0:02.526',-0.085
'0:02.528',-0.025
'0:02.530',0.065
'0:02.532',0.170
'0:02.534',0.290
'0:02.536',0.405
'0:02.538',0.505
'0:02.540',0.575
'0:02.542',0.605
'0:02.544',0.590
'0:02.546',0.535
'0:02.548',0.435
'0:02.550',0.315
'0:02.552',0.180
'0:02.554',0.050
'0:02.556',-0.060
'0:02.558',-0.145
'0:02.560',-0.195
'0:02.562',-0.210
'0:02.564',-0.200
'0:02.566',-0.165
'0:02.568',-0.120
'0:02.570',-0.075
'0:02.572',-0.035
'0:02.574',-0.005
'0:02.576',0.005
'0:02.578',0.005
'0:02.580',-0.010
'0:02.582',-0.030
'0:02.584',-0.050
'0:02.586',-0.065
'0:02.588',-0.080
'0:02.590',-0.085
'0:02.592',-0.085
'0:02.594',-0.085
'0:02.596',-0.075
'0:02.598',-0.070
'0:02.600',-0.065
'0:02.602',-0.060
'0:02.604',-0.060
'0:02.606',-0.060
'0:02.608',-0.060
'0:02.610',-0.060
'0:02.612',-0.055
'0:02.614',-0.055
'0:02.616',-0.055
'0:02.618',-0.055
'0:02.620',-0.055
'0:02.622',-0.050
'0:02.624',-0.050
'0:02.626',-0.055
'0:02.628',-0.055
'0:02.630',-0.055
'0:02.632',-0.055
'0:02.634',-0.055
'0:02.636',-0.050
'0:02.638',-0.050
'0:02.640',-0.045
'0:02.642',-0.045
'0:02.644',-0.045
'0:02.646',-0.045
'0:02.648',-0.045
'0:02.650',-0.045
'0:02.652',-0.050
'0:02.654',-0.050
'0:02.656',-0.050
'0:02.658',-0.050
'0:02.660',-0.050
'0:02.662',-0.050
'0:02.664',-0.045
'0:02.666',-0.045
'0:02.668',-0.040
'0:02.670',-0.040
'0:02.672',-0.035
'0:02.674',-0.035
'0:02.676',-0.035
'0:02.678',-0.030
'0:02.680',-0.030
'0:02.682',-0.030
'0:02.684',-0.025
'0:02.686',-0.020
'0:02.688',-0.015
'0:02.690',-0.015
'0:02.692',-0.010
'0:02.694',-0.010
'0:02.696',-0.005
'0:02.698',-0.005
'0:02.700',-0.010
'0:02.702',-0.010
'0:02.704',-0.010
'0:02.706',-0.010
'0:02.708',-0.010
'0:02.710',-0.010
'0:02.712',-0.005
'0:02.714',0.000
'0:02.716',0.005
'0:02.718',0.010
'0:02.720',0.020
'0:02.722',0.025
'0:02.724',0.030
'0:02.726',0.035
'0:02.728',0.040
'0:02.730',0.040
'0:02.732',0.040
'0:02.734',0.040
'0:02.736',0.040
'0:02.738',0.045
'0:02.740',0.050
'0:02.742',0.055
'0:02.744',0.065
'0:02.746',0.080
'0:02.748',0.090
'0:02.750',0.100
'0:02.752',0.105
'0:02.754',0.110
'0:02.756',0.110
'0:02.758',0.110
'0:02.760',0.105
'0:02.762',0.105
'0:02.764',0.110
'0:02.766',0.115
'0:02.768',0.125
'0:02.770',0.140
'0:02.772',0.150
'0:02.774',0.155
'0:02.776',0.160
'0:02.778',0.160
'0:02.780',0.155
'0:02.782',0.145
'0:02.784',0.140
'0:02.786',0.140
'0:02.788',0.140
'0:02.790',0.145
'0:02.792',0.155
'0:02.794',0.170
'0:02.796',0.175
'0:02.798',0.175
'0:02.800',0.170
'0:02.802',0.155
'0:02.804',0.140
'0:02.806',0.120
'0:02.808',0.100
'0:02.810',0.080
'0:02.812',0.070
'0:02.814',0.060
'0:02.816',0.060
'0:02.818',0.055
'0:02.820',0.055
'0:02.822',0.055
'0:02.824',0.050
'0:02.826',0.040
'0:02.828',0.030
'0:02.830',0.015
'0:02.832',0.005
'0:02.834',-0.005
'0:02.836',-0.010
'0:02.838',-0.015
'0:02.840',-0.015
'0:02.842',-0.015
'0:02.844',-0.015
'0:02.846',-0.010
'0:02.848',-0.010
'0:02.850',-0.010
'0:02.852',-0.010
'0:02.854',-0.010
'0:02.856',-0.015
'0:02.858',-0.020
'0:02.860',-0.030
'0:02.862',-0.040
'0:02.864',-0.045
'0:02.866',-0.050
'0:02.868',-0.055
'0:02.870',-0.050
'0:02.872',-0.045
'0:02.874',-0.035
'0:02.876',-0.025
'0:02.878',-0.015
'0:02.880',-0.010
'0:02.882',-0.005
'0:02.884',-0.005
'0:02.886',-0.010
'0:02.888',-0.020
'0:02.890',-0.030
'0:02.892',-0.035
'0:02.894',-0.040
'0:02.896',-0.040
'0:02.898',-0.035
'0:02.900',-0.030
'0:02.902',-0.025
'0:02.904',-0.020
'0:02.906',-0.020
'0:02.908',-0.020
'0:02.910',-0.025
'0:02.912',-0.030
'0:02.914',-0.035
'0:02.916',-0.040
'0:02.918',-0.040
'0:02.920',-0.040
'0:02.922',-0.040
'0:02.924',-0.035
'0:02.926',-0.030
'0:02.928',-0.030
'0:02.930',-0.025
'0:02.932',-0.025
'0:02.934',-0.025
'0:02.936',-0.025
'0:02.938',-0.025
'0:02.940',-0.030
'0:02.942',-0.030
'0:02.944',-0.035
'0:02.946',-0.035
'0:02.948',-0.035
'0:02.950',-0.030
'0:02.952',-0.030
'0:02.954',-0.025
'0:02.956',-0.025
'0:02.958',-0.020
'0:02.960',-0.020
'0:02.962',-0.020
'0:02.964',-0.020
'0:02.966',-0.020
'0:02.968',-0.020
'0:02.970',-0.020
'0:02.972',-0.020
'0:02.974',-0.015
'0:02.976',-0.015
'0:02.978',-0.010
'0:02.980',-0.005
'0:02.982',-0.005
'0:02.984',-0.005
'0:02.986',-0.010
'0:02.988',-0.015
'0:02.990',-0.020
'0:02.992',-0.025
'0:02.994',-0.030
'0:02.996',-0.035
'0:02.998',-0.035
'0:03.000',-0.040
'0:03.002',-0.040
'0:03.004',-0.040
'0:03.006',-0.045
'0:03.008',-0.045
'0:03.010',-0.040
'0:03.012',-0.035
'0:03.014',-0.030
'0:03.016',-0.020
'0:03.018',-0.010
'0:03.020',0.000
'0:03.022',0.010
'0:03.024',0.015
'0:03.026',0.015
'0:03.028',0.010
'0:03.030',0.000
'0:03.032',-0.015
'0:03.034',-0.025
'0:03.036',-0.035
'0:03.038',-0.045
'0:03.040',-0.045
'0:03.042',-0.045
'0:03.044',-0.040
'0:03.046',-0.035
'0:03.048',-0.030
'0:03.050',-0.025
'0:03.052',-0.025
'0:03.054',-0.025
'0:03.056',-0.025
'0:03.058',-0.030
'0:03.060',-0.035
'0:03.062',-0.035
'0:03.064',-0.035
'0:03.066',-0.035
'0:03.068',-0.035
'0:03.070',-0.035
'0:03.072',-0.030
'0:03.074',-0.030
'0:03.076',-0.035
'0:03.078',-0.035
'0:03.080',-0.035
'0:03.082',-0.035
'0:03.084',-0.035
'0:03.086',-0.030
'0:03.088',-0.030
'0:03.090',-0.025
'0:03.092',-0.020
'0:03.094',-0.020
'0:03.096',-0.020
'0:03.098',-0.025
'0:03.100',-0.030
'0:03.102',-0.030
'0:03.104',-0.030
'0:03.106',-0.030
'0:03.108',-0.025
'0:03.110',-0.015
'0:03.112',-0.010
'0:03.114',-0.005
'0:03.116',-0.005
'0:03.118',-0.005
'0:03.120',-0.015
'0:03.122',-0.030
'0:03.124',-0.040
'0:03.126',-0.055
'0:03.128',-0.065
'0:03.130',-0.065
'0:03.132',-0.060
'0:03.134',-0.050
'0:03.136',-0.035
'0:03.138',-0.020
'0:03.140',-0.005
'0:03.142',0.005
'0:03.144',0.015
'0:03.146',0.015
'0:03.148',0.015
'0:03.150',0.010
'0:03.152',0.005
'0:03.154',0.005
'0:03.156',0.005
'0:03.158',0.005
'0:03.160',0.005
'0:03.162',0.010
'0:03.164',0.015
'0:03.166',0.015
'0:03.168',0.015
'0:03.170',0.015
'0:03.172',0.015
'0:03.174',0.015
'0:03.176',0.015
'0:03.178',0.020
'0:03.180',0.025
'0:03.182',0.025
'0:03.184',0.030
'0:03.186',0.035
'0:03.188',0.035
'0:03.190',0.030
'0:03.192',0.030
'0:03.194',0.020
'0:03.196',0.015
'0:03.198',0.005
'0:03.200',0.000
'0:03.202',-0.010
'0:03.204',-0.020
'0:03.206',-0.025
'0:03.208',-0.035
'0:03.210',-0.045
'0:03.212',-0.050
'0:03.214',-0.055
'0:03.216',-0.055
'0:03.218',-0.055
'0:03.220',-0.050
'0:03.222',-0.045
'0:03.224',-0.040
'0:03.226',-0.030
'0:03.228',-0.025
'0:03.230',-0.025
'0:03.232',-0.025
'0:03.234',-0.030
'0:03.236',-0.035
'0:03.238',-0.040
'0:03.240',-0.045
'0:03.242',-0.050
'0:03.244',-0.050
'0:03.246',-0.050
'0:03.248',-0.050
'0:03.250',-0.055
'0:03.252',-0.055
'0:03.254',-0.055
'0:03.256',-0.060
'0:03.258',-0.065
'0:03.260',-0.075
'0:03.262',-0.085
'0:03.264',-0.095
'0:03.266',-0.105
'0:03.268',-0.115
'0:03.270',-0.115
'0:03.272',-0.105
'0:03.274',-0.080
'0:03.276',-0.030
'0:03.278',0.035
'0:03.280',0.125
'0:03.282',0.230
'0:03.284',0.340
'0:03.286',0.445
'0:03.288',0.530
'0:03.290',0.590
'0:03.292',0.610
'0:03.294',0.590
'0:03.296',0.525
'0:03.298',0.430
'0:03.300',0.310
'0:03.302',0.185
'0:03.304',0.065
'0:03.306',-0.035
'0:03.308',-0.105
'0:03.310',-0.145
'0:03.312',-0.155
'0:03.314',-0.140
'0:03.316',-0.105
'0:03.318',-0.070
'0:03.320',-0.035
'0:03.322',-0.010
'0:03.324',0.000
'0:03.326',-0.005
'0:03.328',-0.015
'0:03.330',-0.035
'0:03.332',-0.050
'0:03.334',-0.065
'0:03.336',-0.075
'0:03.338',-0.080
'0:03.340',-0.075
'0:03.342',-0.070
'0:03.344',-0.060
'0:03.346',-0.055
'0:03.348',-0.045
'0:03.350',-0.045
'0:03.352',-0.045
'0:03.354',-0.045
'0:03.356',-0.050
'0:03.358',-0.055
'0:03.360',-0.055
'0:03.362',-0.060
'0:03.364',-0.060
'0:03.366',-0.060
'0:03.368',-0.055
'0:03.370',-0.055
'0:03.372',-0.050
'0:03.374',-0.050
'0:03.376',-0.045
'0:03.378',-0.045
'0:03.380',-0.045
'0:03.382',-0.045
'0:03.384',-0.045
'0:03.386',-0.045
'0:03.388',-0.040
'0:03.390',-0.040
'0:03.392',-0.035
'0:03.394',-0.030
'0:03.396',-0.025
'0:03.398',-0.025
'0:03.400',-0.025
'0:03.402',-0.030
'0:03.404',-0.040
'0:03.406',-0.045
'0:03.408',-0.055
'0:03.410',-0.060
'0:03.412',-0.060
'0:03.414',-0.055
'0:03.416',-0.050
'0:03.418',-0.045
'0:03.420',-0.035
'0:03.422',-0.030
'0:03.424',-0.020
'0:03.426',-0.015
'0:03.428',-0.015
'0:03.430',-0.015
'0:03.432',-0.010
'0:03.434',-0.010
'0:03.436',-0.010
'0:03.438',-0.005
'0:03.440',-0.005
'0:03.442',-0.005
'0:03.444',0.000
'0:03.446',0.000
'0:03.448',-0.005
'0:03.450',-0.005
'0:03.452',-0.010
'0:03.454',-0.015
'0:03.456',-0.015
'0:03.458',-0.020
'0:03.460',-0.020
'0:03.462',-0.020
'0:03.464',-0.020
'0:03.466',-0.015
'0:03.468',-0.010
'0:03.470',-0.005
'0:03.472',0.005
'0:03.474',0.010
'0:03.476',0.020
'0:03.478',0.025
'0:03.480',0.035
'0:03.482',0.035
'0:03.484',0.035
'0:03.486',0.035
'0:03.488',0.035
'0:03.490',0.035
'0:03.492',0.040
'0:03.494',0.045
'0:03.496',0.050
'0:03.498',0.060
'0:03.500',0.070
'0:03.502',0.085
'0:03.504',0.095
'0:03.506',0.105
'0:03.508',0.110
'0:03.510',0.115
'0:03.512',0.120
'0:03.514',0.125
'0:03.516',0.130
'0:03.518',0.135
'0:03.520',0.140
'0:03.522',0.145
'0:03.524',0.145
'0:03.526',0.145
'0:03.528',0.145
'0:03.530',0.140
'0:03.532',0.135
'0:03.534',0.130
'0:03.536',0.125
'0:03.538',0.125
'0:03.540',0.130
'0:03.542',0.135
'0:03.544',0.145
'0:03.546',0.150
'0:03.548',0.160
'0:03.550',0.160
'0:03.552',0.155
'0:03.554',0.150
'0:03.556',0.135
'0:03.558',0.120
'0:03.560',0.100
'0:03.562',0.085
'0:03.564',0.065
'0:03.566',0.050
'0:03.568',0.040
'0:03.570',0.030
'0:03.572',0.020
'0:03.574',0.015
'0:03.576',0.010
'0:03.578',0.005
'0:03.580',0.005
'0:03.582',0.000
'0:03.584',0.000
'0:03.586',-0.005
'0:03.588',-0.005
'0:03.590',0.000
'0:03.592',0.000
'0:03.594',-0.005
'0:03.596',-0.005
'0:03.598',-0.010
'0:03.600',-0.015
'0:03.602',-0.020
'0:03.604',-0.025
'0:03.606',-0.030
'0:03.608',-0.035
'0:03.610',-0.035
'0:03.612',-0.030
'0:03.614',-0.030
'0:03.616',-0.025
'0:03.618',-0.025
'0:03.620',-0.020
'0:03.622',-0.025
'0:03.624',-0.025
'0:03.626',-0.030
'0:03.628',-0.035
'0:03.630',-0.040
'0:03.632',-0.045
'0:03.634',-0.040
'0:03.636',-0.040
'0:03.638',-0.035
'0:03.640',-0.030
'0:03.642',-0.025
'0:03.644',-0.025
'0:03.646',-0.025
'0:03.648',-0.025
'0:03.650',-0.025
'0:03.652',-0.030
'0:03.654',-0.035
'0:03.656',-0.035
'0:03.658',-0.040
'0:03.660',-0.040
'0:03.662',-0.040
'0:03.664',-0.040
'0:03.666',-0.040
'0:03.668',-0.040
'0:03.670',-0.040
'0:03.672',-0.035
'0:03.674',-0.035
'0:03.676',-0.030
'0:03.678',-0.030
'0:03.680',-0.030
'0:03.682',-0.030
'0:03.684',-0.035
'0:03.686',-0.040
'0:03.688',-0.040
'0:03.690',-0.045
'0:03.692',-0.045
'0:03.694',-0.045
'0:03.696',-0.045
'0:03.698',-0.040
'0:03.700',-0.030
'0:03.702',-0.025
'0:03.704',-0.020
'0:03.706',-0.015
'0:03.708',-0.020
'0:03.710',-0.020
'0:03.712',-0.030
'0:03.714',-0.035
'0:03.716',-0.035
'0:03.718',-0.040
'0:03.720',-0.035
'0:03.722',-0.030
'0:03.724',-0.025
'0:03.726',-0.015
'0:03.728',-0.010
'0:03.730',-0.005
'0:03.732',-0.005
'0:03.734',-0.010
'0:03.736',-0.015
'0:03.738',-0.020
'0:03.740',-0.025
'0:03.742',-0.030
'0:03.744',-0.035
'0:03.746',-0.035
'0:03.748',-0.035
'0:03.750',-0.035
'0:03.752',-0.040
'0:03.754',-0.040
'0:03.756',-0.040
'0:03.758',-0.045
'0:03.760',-0.045
'0:03.762',-0.045
'0:03.764',-0.040
'0:03.766',-0.035
'0:03.768',-0.025
'0:03.770',-0.015
'0:03.772',-0.010
'0:03.774',-0.005
'0:03.776',0.000
'0:03.778',0.000
'0:03.780',-0.005
'0:03.782',-0.010
'0:03.784',-0.020
'0:03.786',-0.030
'0:03.788',-0.035
'0:03.790',-0.045
'0:03.792',-0.050
'0:03.794',-0.050
'0:03.796',-0.050
'0:03.798',-0.050
'0:03.800',-0.050
'0:03.802',-0.050
'0:03.804',-0.050
'0:03.806',-0.050
'0:03.808',-0.045
'0:03.810',-0.045
'0:03.812',-0.040
'0:03.814',-0.035
'0:03.816',-0.030
'0:03.818',-0.030
'0:03.820',-0.025
'0:03.822',-0.020
'0:03.824',-0.020
'0:03.826',-0.020
'0:03.828',-0.025
'0:03.830',-0.035
'0:03.832',-0.040
'0:03.834',-0.050
'0:03.836',-0.060
'0:03.838',-0.065
'0:03.840',-0.070
'0:03.842',-0.070
'0:03.844',-0.065
'0:03.846',-0.060
'0:03.848',-0.050
'0:03.850',-0.040
'0:03.852',-0.035
'0:03.854',-0.025
'0:03.856',-0.020
'0:03.858',-0.020
'0:03.860',-0.020
'0:03.862',-0.020
'0:03.864',-0.020
'0:03.866',-0.025
'0:03.868',-0.025
'0:03.870',-0.025
'0:03.872',-0.025
'0:03.874',-0.025
'0:03.876',-0.025
'0:03.878',-0.030
'0:03.880',-0.035
'0:03.882',-0.040
'0:03.884',-0.045
'0:03.886',-0.050
'0:03.888',-0.055
'0:03.890',-0.055
'0:03.892',-0.050
'0:03.894',-0.050
'0:03.896',-0.045
'0:03.898',-0.040
'0:03.900',-0.040
'0:03.902',-0.035
'0:03.904',-0.035
'0:03.906',-0.030
'0:03.908',-0.025
'0:03.910',-0.020
'0:03.912',-0.015
'0:03.914',-0.005
'0:03.916',0.000
'0:03.918',0.005
'0:03.920',0.010
'0:03.922',0.015
'0:03.924',0.015
'0:03.926',0.015
'0:03.928',0.020
'0:03.930',0.020
'0:03.932',0.025
'0:03.934',0.030
'0:03.936',0.040
'0:03.938',0.040
'0:03.940',0.045
'0:03.942',0.040
'0:03.944',0.035
'0:03.946',0.025
'0:03.948',0.015
'0:03.950',0.010
'0:03.952',0.000
'0:03.954',-0.010
'0:03.956',-0.015
'0:03.958',-0.025
'0:03.960',-0.030
'0:03.962',-0.040
'0:03.964',-0.045
'0:03.966',-0.050
'0:03.968',-0.055
'0:03.970',-0.060
'0:03.972',-0.055
'0:03.974',-0.050
'0:03.976',-0.040
'0:03.978',-0.030
'0:03.980',-0.025
'0:03.982',-0.020
'0:03.984',-0.020
'0:03.986',-0.020
'0:03.988',-0.030
'0:03.990',-0.040
'0:03.992',-0.045
'0:03.994',-0.055
'0:03.996',-0.060
'0:03.998',-0.060
'0:04.000',-0.060
'0:04.002',-0.060
'0:04.004',-0.060
'0:04.006',-0.060
'0:04.008',-0.055
'0:04.010',-0.055
'0:04.012',-0.055
'0:04.014',-0.050
'0:04.016',-0.050
'0:04.018',-0.050
'0:04.020',-0.055
'0:04.022',-0.060
'0:04.024',-0.075
'0:04.026',-0.090
'0:04.028',-0.105
'0:04.030',-0.105
'0:04.032',-0.095
'0:04.034',-0.055
'0:04.036',0.005
'0:04.038',0.095
'0:04.040',0.205
'0:04.042',0.330
'0:04.044',0.445
'0:04.046',0.545
'0:04.048',0.610
'0:04.050',0.635
'0:04.052',0.610
'0:04.054',0.545
'0:04.056',0.440
'0:04.058',0.310
'0:04.060',0.180
'0:04.062',0.055
'0:04.064',-0.045
'0:04.066',-0.115
'0:04.068',-0.155
'0:04.070',-0.165
'0:04.072',-0.155
'0:04.074',-0.130
'0:04.076',-0.100
'0:04.078',-0.075
'0:04.080',-0.055
'0:04.082',-0.040
'0:04.084',-0.040
'0:04.086',-0.040
'0:04.088',-0.045
'0:04.090',-0.050
'0:04.092',-0.055
'0:04.094',-0.055
'0:04.096',-0.050
'0:04.098',-0.050
'0:04.100',-0.045
'0:04.102',-0.045
'0:04.104',-0.040
'0:04.106',-0.045
'0:04.108',-0.045
'0:04.110',-0.050
'0:04.112',-0.055
'0:04.114',-0.060
'0:04.116',-0.060
'0:04.118',-0.065
'0:04.120',-0.065
'0:04.122',-0.060
'0:04.124',-0.060
'0:04.126',-0.055
'0:04.128',-0.050
'0:04.130',-0.050
'0:04.132',-0.045
'0:04.134',-0.045
'0:04.136',-0.050
'0:04.138',-0.050
'0:04.140',-0.050
'0:04.142',-0.050
'0:04.144',-0.050
'0:04.146',-0.045
'0:04.148',-0.040
'0:04.150',-0.030
'0:04.152',-0.025
'0:04.154',-0.020
'0:04.156',-0.020
'0:04.158',-0.020
'0:04.160',-0.020
'0:04.162',-0.025
'0:04.164',-0.030
'0:04.166',-0.035
'0:04.168',-0.040
'0:04.170',-0.045
'0:04.172',-0.050
'0:04.174',-0.050
'0:04.176',-0.050
'0:04.178',-0.045
'0:04.180',-0.040
'0:04.182',-0.035
'0:04.184',-0.035
'0:04.186',-0.030
'0:04.188',-0.030
'0:04.190',-0.030
'0:04.192',-0.035
'0:04.194',-0.040
'0:04.196',-0.045
'0:04.198',-0.050
'0:04.200',-0.050
'0:04.202',-0.045
'0:04.204',-0.040
'0:04.206',-0.025
'0:04.208',-0.015
'0:04.210',-0.005
'0:04.212',0.005
'0:04.214',0.005
'0:04.216',0.005
'0:04.218',0.005
'0:04.220',0.000
'0:04.222',-0.005
'0:04.224',-0.005
'0:04.226',-0.005
'0:04.228',0.005
'0:04.230',0.015
'0:04.232',0.025
'0:04.234',0.035
'0:04.236',0.045
'0:04.238',0.050
'0:04.240',0.050
'0:04.242',0.045
'0:04.244',0.045
'0:04.246',0.040
'0:04.248',0.035
'0:04.250',0.035
'0:04.252',0.035
'0:04.254',0.040
'0:04.256',0.050
'0:04.258',0.060
'0:04.260',0.075
'0:04.262',0.085
'0:04.264',0.100
'0:04.266',0.110
'0:04.268',0.120
'0:04.270',0.130
'0:04.272',0.135
'0:04.274',0.135
'0:04.276',0.135
'0:04.278',0.135
'0:04.280',0.130
'0:04.282',0.130
'0:04.284',0.125
'0:04.286',0.125
'0:04.288',0.130
'0:04.290',0.135
'0:04.292',0.140
'0:04.294',0.150
'0:04.296',0.160
'0:04.298',0.165
'0:04.300',0.170
'0:04.302',0.175
'0:04.304',0.170
'0:04.306',0.165
'0:04.308',0.155
'0:04.310',0.145
'0:04.312',0.135
'0:04.314',0.125
'0:04.316',0.115
'0:04.318',0.105
'0:04.320',0.095
'0:04.322',0.085
'0:04.324',0.080
'0:04.326',0.070
'0:04.328',0.060
'0:04.330',0.050
'0:04.332',0.040
'0:04.334',0.030
'0:04.336',0.025
'0:04.338',0.015
'0:04.340',0.010
'0:04.342',0.005
'0:04.344',0.000
'0:04.346',-0.010
'0:04.348',-0.015
'0:04.350',-0.020
'0:04.352',-0.030
'0:04.354',-0.035
'0:04.356',-0.035
'0:04.358',-0.035
'0:04.360',-0.030
'0:04.362',-0.025
'0:04.364',-0.015
'0:04.366',-0.010
'0:04.368',-0.005
'0:04.370',-0.005
'0:04.372',-0.010
'0:04.374',-0.015
'0:04.376',-0.025
'0:04.378',-0.030
'0:04.380',-0.035
'0:04.382',-0.040
'0:04.384',-0.040
'0:04.386',-0.035
'0:04.388',-0.025
'0:04.390',-0.020
'0:04.392',-0.015
'0:04.394',-0.015
'0:04.396',-0.020
'0:04.398',-0.025
'0:04.400',-0.035
'0:04.402',-0.040
'0:04.404',-0.050
'0:04.406',-0.050
'0:04.408',-0.050
'0:04.410',-0.045
'0:04.412',-0.040
'0:04.414',-0.030
'0:04.416',-0.025
'0:04.418',-0.020
'0:04.420',-0.020
'0:04.422',-0.020
'0:04.424',-0.025
'0:04.426',-0.030
'0:04.428',-0.035
'0:04.430',-0.035
'0:04.432',-0.040
'0:04.434',-0.040
'0:04.436',-0.040
'0:04.438',-0.040
'0:04.440',-0.035
'0:04.442',-0.035
'0:04.444',-0.035
'0:04.446',-0.030
'0:04.448',-0.030
'0:04.450',-0.035
'0:04.452',-0.035
'0:04.454',-0.035
'0:04.456',-0.035
'0:04.458',-0.035
'0:04.460',-0.035
'0:04.462',-0.035
'0:04.464',-0.030
'0:04.466',-0.030
'0:04.468',-0.025
'0:04.470',-0.025
'0:04.472',-0.025
'0:04.474',-0.025
'0:04.476',-0.030
'0:04.478',-0.030
'0:04.480',-0.030
'0:04.482',-0.030
'0:04.484',-0.025
'0:04.486',-0.025
'0:04.488',-0.020
'0:04.490',-0.015
'0:04.492',-0.015
'0:04.494',-0.015
'0:04.496',-0.010
'0:04.498',-0.015
'0:04.500',-0.015
'0:04.502',-0.015
'0:04.504',-0.020
'0:04.506',-0.020
'0:04.508',-0.025
'0:04.510',-0.030
'0:04.512',-0.035
'0:04.514',-0.040
'0:04.516',-0.045
'0:04.518',-0.050
'0:04.520',-0.055
'0:04.522',-0.055
'0:04.524',-0.055
'0:04.526',-0.050
'0:04.528',-0.040
'0:04.530',-0.035
'0:04.532',-0.025
'0:04.534',-0.025
'0:04.536',-0.020
'0:04.538',-0.025
'0:04.540',-0.025
'0:04.542',-0.030
'0:04.544',-0.035
'0:04.546',-0.035
'0:04.548',-0.035
'0:04.550',-0.035
'0:04.552',-0.030
'0:04.554',-0.030
'0:04.556',-0.030
'0:04.558',-0.030
'0:04.560',-0.030
'0:04.562',-0.035
'0:04.564',-0.040
'0:04.566',-0.040
'0:04.568',-0.040
'0:04.570',-0.035
'0:04.572',-0.030
'0:04.574',-0.025
'0:04.576',-0.015
'0:04.578',-0.015
'0:04.580',-0.010
'0:04.582',-0.015
'0:04.584',-0.020
'0:04.586',-0.025
'0:04.588',-0.035
'0:04.590',-0.040
'0:04.592',-0.045
'0:04.594',-0.045
'0:04.596',-0.045
'0:04.598',-0.040
'0:04.600',-0.040
'0:04.602',-0.040
'0:04.604',-0.040
'0:04.606',-0.040
'0:04.608',-0.040
'0:04.610',-0.045
'0:04.612',-0.045
'0:04.614',-0.045
'0:04.616',-0.040
'0:04.618',-0.040
'0:04.620',-0.035
'0:04.622',-0.035
'0:04.624',-0.035
'0:04.626',-0.040
'0:04.628',-0.040
'0:04.630',-0.045
'0:04.632',-0.050
'0:04.634',-0.050
'0:04.636',-0.050
'0:04.638',-0.045
'0:04.640',-0.040
'0:04.642',-0.030
'0:04.644',-0.020
'0:04.646',-0.015
'0:04.648',-0.010
'0:04.650',-0.010
'0:04.652',-0.010
'0:04.654',-0.015
'0:04.656',-0.015
'0:04.658',-0.010
'0:04.660',-0.010
'0:04.662',-0.005
'0:04.664',0.005
'0:04.666',0.015
'0:04.668',0.020
'0:04.670',0.025
'0:04.672',0.030
'0:04.674',0.030
'0:04.676',0.030
'0:04.678',0.030
'0:04.680',0.030
'0:04.682',0.030
'0:04.684',0.030
'0:04.686',0.025
'0:04.688',0.025
'0:04.690',0.020
'0:04.692',0.010
'0:04.694',0.005
'0:04.696',-0.010
'0:04.698',-0.015
'0:04.700',-0.025
'0:04.702',-0.030
'0:04.704',-0.030
'0:04.706',-0.030
'0:04.708',-0.025
'0:04.710',-0.020
'0:04.712',-0.020
'0:04.714',-0.020
'0:04.716',-0.020
'0:04.718',-0.025
'0:04.720',-0.030
'0:04.722',-0.030
'0:04.724',-0.030
'0:04.726',-0.030
'0:04.728',-0.030
'0:04.730',-0.025
'0:04.732',-0.025
'0:04.734',-0.025
'0:04.736',-0.030
'0:04.738',-0.035
'0:04.740',-0.040
'0:04.742',-0.050
'0:04.744',-0.055
'0:04.746',-0.055
'0:04.748',-0.055
'0:04.750',-0.055
'0:04.752',-0.055
'0:04.754',-0.050
'0:04.756',-0.045
'0:04.758',-0.045
'0:04.760',-0.045
'0:04.762',-0.040
'0:04.764',-0.040
'0:04.766',-0.035
'0:04.768',-0.040
'0:04.770',-0.045
'0:04.772',-0.055
'0:04.774',-0.070
'0:04.776',-0.090
'0:04.778',-0.105
'0:04.780',-0.110
'0:04.782',-0.100
'0:04.784',-0.065
'0:04.786',0.005
'0:04.788',0.100
'0:04.790',0.215
'0:04.792',0.345
'0:04.794',0.465
'0:04.796',0.565
'0:04.798',0.625
'0:04.800',0.635
'0:04.802',0.595
'0:04.804',0.505
'0:04.806',0.380
'0:04.808',0.235
'0:04.810',0.090
'0:04.812',-0.035
'0:04.814',-0.135
'0:04.816',-0.190
'0:04.818',-0.210
'0:04.820',-0.200
'0:04.822',-0.165
'0:04.824',-0.120
'0:04.826',-0.080
'0:04.828',-0.045
'0:04.830',-0.025
'0:04.832',-0.020
'0:04.834',-0.025
'0:04.836',-0.035
'0:04.838',-0.050
'0:04.840',-0.060
'0:04.842',-0.065
'0:04.844',-0.065
'0:04.846',-0.060
'0:04.848',-0.055
'0:04.850',-0.045
'0:04.852',-0.040
'0:04.854',-0.035
'0:04.856',-0.035
'0:04.858',-0.035
'0:04.860',-0.035
'0:04.862',-0.040
'0:04.864',-0.045
'0:04.866',-0.045
'0:04.868',-0.050
'0:04.870',-0.050
'0:04.872',-0.055
'0:04.874',-0.055
'0:04.876',-0.055
'0:04.878',-0.050
'0:04.880',-0.050
'0:04.882',-0.045
'0:04.884',-0.040
'0:04.886',-0.030
'0:04.888',-0.025
'0:04.890',-0.020
'0:04.892',-0.020
'0:04.894',-0.025
'0:04.896',-0.030
'0:04.898',-0.040
'0:04.900',-0.050
'0:04.902',-0.055
'0:04.904',-0.065
'0:04.906',-0.065
'0:04.908',-0.060
'0:04.910',-0.050
'0:04.912',-0.040
'0:04.914',-0.025
'0:04.916',-0.015
'0:04.918',-0.005
'0:04.920',0.000
'0:04.922',0.000
'0:04.924',-0.005
'0:04.926',-0.010
'0:04.928',-0.020
'0:04.930',-0.025
'0:04.932',-0.030
'0:04.934',-0.035
'0:04.936',-0.035
'0:04.938',-0.030
'0:04.940',-0.025
'0:04.942',-0.020
'0:04.944',-0.020
'0:04.946',-0.015
'0:04.948',-0.015
'0:04.950',-0.015
'0:04.952',-0.015
'0:04.954',-0.015
'0:04.956',-0.010
'0:04.958',-0.010
'0:04.960',-0.005
'0:04.962',0.005
'0:04.964',0.010
'0:04.966',0.010
'0:04.968',0.015
'0:04.970',0.015
'0:04.972',0.020
'0:04.974',0.020
'0:04.976',0.015
'0:04.978',0.015
'0:04.980',0.015
'0:04.982',0.015
'0:04.984',0.015
'0:04.986',0.020
'0:04.988',0.020
'0:04.990',0.030
'0:04.992',0.035
'0:04.994',0.050
'0:04.996',0.060
'0:04.998',0.075
'0:05.000',0.085
'0:05.002',0.095
'0:05.004',0.105
'0:05.006',0.110
'0:05.008',0.110
'0:05.010',0.110
'0:05.012',0.105
'0:05.014',0.105
'0:05.016',0.105
'0:05.018',0.110
'0:05.020',0.115
'0:05.022',0.120
'0:05.024',0.130
'0:05.026',0.135
'0:05.028',0.145
'0:05.030',0.150
'0:05.032',0.155
'0:05.034',0.160
'0:05.036',0.160
'0:05.038',0.165
'0:05.040',0.170
'0:05.042',0.175
'0:05.044',0.175
'0:05.046',0.175
'0:05.048',0.175
'0:05.050',0.170
'0:05.052',0.165
'0:05.054',0.160
'0:05.056',0.155
'0:05.058',0.145
'0:05.060',0.145
'0:05.062',0.140
'0:05.064',0.135
'0:05.066',0.135
'0:05.068',0.125
'0:05.070',0.115
'0:05.072',0.105
'0:05.074',0.090
'0:05.076',0.075
'0:05.078',0.055
'0:05.080',0.040
'0:05.082',0.030
'0:05.084',0.020
'0:05.086',0.015
'0:05.088',0.010
'0:05.090',0.010
'0:05.092',0.010
'0:05.094',0.010
'0:05.096',0.010
'0:05.098',0.005
'0:05.100',0.000
'0:05.102',-0.005
'0:05.104',-0.010
'0:05.106',-0.015
'0:05.108',-0.020
'0:05.110',-0.020
'0:05.112',-0.020
'0:05.114',-0.020
'0:05.116',-0.020
'0:05.118',-0.020
'0:05.120',-0.015
'0:05.122',-0.015
'0:05.124',-0.015
'0:05.126',-0.015
'0:05.128',-0.010
'0:05.130',-0.010
'0:05.132',-0.010
'0:05.134',-0.010
'0:05.136',-0.010
'0:05.138',-0.015
'0:05.140',-0.020
'0:05.142',-0.025
'0:05.144',-0.030
'0:05.146',-0.035
'0:05.148',-0.035
'0:05.150',-0.040
'0:05.152',-0.035
'0:05.154',-0.035
'0:05.156',-0.030
'0:05.158',-0.025
'0:05.160',-0.025
'0:05.162',-0.025
'0:05.164',-0.025
'0:05.166',-0.030
'0:05.168',-0.030
'0:05.170',-0.035
'0:05.172',-0.040
'0:05.174',-0.040
'0:05.176',-0.035
'0:05.178',-0.035
'0:05.180',-0.030
'0:05.182',-0.025
'0:05.184',-0.020
'0:05.186',-0.015
'0:05.188',-0.015
'0:05.190',-0.015
'0:05.192',-0.015
'0:05.194',-0.015
'0:05.196',-0.020
'0:05.198',-0.020
'0:05.200',-0.020
'0:05.202',-0.025
'0:05.204',-0.025
'0:05.206',-0.030
'0:05.208',-0.030
'0:05.210',-0.030
'0:05.212',-0.025
'0:05.214',-0.025
'0:05.216',-0.020
'0:05.218',-0.010
'0:05.220',-0.005
'0:05.222',0.000
'0:05.224',0.000
'0:05.226',-0.005
'0:05.228',-0.005
'0:05.230',-0.015
'0:05.232',-0.020
'0:05.234',-0.025
'0:05.236',-0.025
'0:05.238',-0.025
'0:05.240',-0.025
'0:05.242',-0.020
'0:05.244',-0.015
'0:05.246',-0.010
'0:05.248',-0.005
'0:05.250',-0.005
'0:05.252',-0.005
'0:05.254',-0.010
'0:05.256',-0.015
'0:05.258',-0.015
'0:05.260',-0.015
'0:05.262',-0.020
'0:05.264',-0.020
'0:05.266',-0.020
'0:05.268',-0.020
'0:05.270',-0.025
'0:05.272',-0.025
'0:05.274',-0.030
'0:05.276',-0.030
'0:05.278',-0.030
'0:05.280',-0.025
'0:05.282',-0.020
'0:05.284',-0.015
'0:05.286',-0.015
'0:05.288',-0.010
'0:05.290',-0.015
'0:05.292',-0.015
'0:05.294',-0.020
'0:05.296',-0.025
'0:05.298',-0.025
'0:05.300',-0.025
'0:05.302',-0.025
'0:05.304',-0.025
'0:05.306',-0.025
'0:05.308',-0.025
'0:05.310',-0.030
'0:05.312',-0.035
'0:05.314',-0.035
'0:05.316',-0.040
'0:05.318',-0.040
'0:05.320',-0.040
'0:05.322',-0.030
'0:05.324',-0.020
'0:05.326',-0.010
'0:05.328',0.000
'0:05.330',0.005
'0:05.332',0.005
'0:05.334',0.005
'0:05.336',-0.005
'0:05.338',-0.010
'0:05.340',-0.020
'0:05.342',-0.025
'0:05.344',-0.030
'0:05.346',-0.030
'0:05.348',-0.030
'0:05.350',-0.025
'0:05.352',-0.020
'0:05.354',-0.020
'0:05.356',-0.020
'0:05.358',-0.020
'0:05.360',-0.025
'0:05.362',-0.025
'0:05.364',-0.020
'0:05.366',-0.015
'0:05.368',-0.005
'0:05.370',0.010
'0:05.372',0.025
'0:05.374',0.035
'0:05.376',0.045
'0:05.378',0.050
'0:05.380',0.050
'0:05.382',0.050
'0:05.384',0.045
'0:05.386',0.040
'0:05.388',0.035
'0:05.390',0.035
'0:05.392',0.035
'0:05.394',0.035
'0:05.396',0.040
'0:05.398',0.040
'0:05.400',0.045
'0:05.402',0.040
'0:05.404',0.035
'0:05.406',0.030
'0:05.408',0.020
'0:05.410',0.010
'0:05.412',0.005
'0:05.414',-0.005
'0:05.416',-0.015
'0:05.418',-0.020
'0:05.420',-0.025
'0:05.422',-0.030
'0:05.424',-0.030
'0:05.426',-0.030
'0:05.428',-0.030
'0:05.430',-0.030
'0:05.432',-0.025
'0:05.434',-0.020
'0:05.436',-0.015
'0:05.438',-0.010
'0:05.440',-0.010
'0:05.442',-0.010
'0:05.444',-0.010
'0:05.446',-0.015
'0:05.448',-0.020
'0:05.450',-0.025
'0:05.452',-0.030
'0:05.454',-0.035
'0:05.456',-0.035
'0:05.458',-0.035
'0:05.460',-0.030
'0:05.462',-0.030
'0:05.464',-0.025
'0:05.466',-0.025
'0:05.468',-0.020
'0:05.470',-0.020
'0:05.472',-0.015
'0:05.474',-0.015
'0:05.476',-0.015
'0:05.478',-0.020
'0:05.480',-0.030
'0:05.482',-0.045
'0:05.484',-0.065
'0:05.486',-0.080
'0:05.488',-0.095
'0:05.490',-0.090
'0:05.492',-0.065
'0:05.494',-0.020
'0:05.496',0.050
'0:05.498',0.145
'0:05.500',0.250
'0:05.502',0.355
'0:05.504',0.450
'0:05.506',0.515
'0:05.508',0.555
'0:05.510',0.550
'0:05.512',0.505
'0:05.514',0.425
'0:05.516',0.320
'0:05.518',0.200
'0:05.520',0.080
'0:05.522',-0.025
'0:05.524',-0.110
'0:05.526',-0.170
'0:05.528',-0.200
'0:05.530',-0.205
'0:05.532',-0.185
'0:05.534',-0.155
'0:05.536',-0.120
'0:05.538',-0.085
'0:05.540',-0.055
'0:05.542',-0.030
'0:05.544',-0.020
'0:05.546',-0.020
'0:05.548',-0.025
'0:05.550',-0.040
'0:05.552',-0.050
'0:05.554',-0.065
'0:05.556',-0.075
'0:05.558',-0.080
'0:05.560',-0.085
'0:05.562',-0.080
'0:05.564',-0.070
'0:05.566',-0.060
'0:05.568',-0.050
'0:05.570',-0.045
'0:05.572',-0.040
'0:05.574',-0.040
'0:05.576',-0.040
'0:05.578',-0.045
'0:05.580',-0.050
'0:05.582',-0.055
'0:05.584',-0.060
'0:05.586',-0.060
'0:05.588',-0.060
'0:05.590',-0.055
'0:05.592',-0.055
'0:05.594',-0.050
'0:05.596',-0.050
'0:05.598',-0.050
'0:05.600',-0.055
'0:05.602',-0.060
'0:05.604',-0.065
'0:05.606',-0.065
'0:05.608',-0.065
'0:05.610',-0.060
'0:05.612',-0.050
'0:05.614',-0.045
'0:05.616',-0.035
'0:05.618',-0.030
'0:05.620',-0.030
'0:05.622',-0.030
'0:05.624',-0.040
'0:05.626',-0.045
'0:05.628',-0.055
'0:05.630',-0.065
'0:05.632',-0.070
'0:05.634',-0.070
'0:05.636',-0.065
'0:05.638',-0.055
'0:05.640',-0.045
'0:05.642',-0.040
'0:05.644',-0.030
'0:05.646',-0.025
'0:05.648',-0.020
'0:05.650',-0.020
'0:05.652',-0.020
'0:05.654',-0.015
'0:05.656',-0.015
'0:05.658',-0.015
'0:05.660',-0.015
'0:05.662',-0.015
'0:05.664',-0.015
'0:05.666',-0.020
'0:05.668',-0.025
'0:05.670',-0.025
'0:05.672',-0.030
'0:05.674',-0.025
'0:05.676',-0.020
'0:05.678',-0.015
'0:05.680',-0.005
'0:05.682',0.000
'0:05.684',0.010
'0:05.686',0.010
'0:05.688',0.005
'0:05.690',0.000
'0:05.692',-0.005
'0:05.694',-0.005
'0:05.696',-0.005
'0:05.698',0.000
'0:05.700',0.010
'0:05.702',0.020
'0:05.704',0.035
'0:05.706',0.050
'0:05.708',0.060
'0:05.710',0.060
'0:05.712',0.060
'0:05.714',0.050
'0:05.716',0.045
'0:05.718',0.040
'0:05.720',0.040
'0:05.722',0.050
'0:05.724',0.060
'0:05.726',0.080
'0:05.728',0.100
'0:05.730',0.120
'0:05.732',0.135
'0:05.734',0.145
'0:05.736',0.150
'0:05.738',0.155
'0:05.740',0.150
'0:05.742',0.145
'0:05.744',0.140
'0:05.746',0.135
'0:05.748',0.135
'0:05.750',0.130
'0:05.752',0.130
'0:05.754',0.130
'0:05.756',0.130
'0:05.758',0.130
'0:05.760',0.130
'0:05.762',0.130
'0:05.764',0.130
'0:05.766',0.125
'0:05.768',0.120
'0:05.770',0.115
'0:05.772',0.105
'0:05.774',0.090
'0:05.776',0.075
'0:05.778',0.065
'0:05.780',0.050
'0:05.782',0.040
'0:05.784',0.035
'0:05.786',0.030
'0:05.788',0.030
'0:05.790',0.025
'0:05.792',0.025
'0:05.794',0.020
'0:05.796',0.015
'0:05.798',0.010
'0:05.800',0.000
'0:05.802',-0.010
'0:05.804',-0.020
'0:05.806',-0.025
'0:05.808',-0.025
'0:05.810',-0.025
'0:05.812',-0.025
'0:05.814',-0.020
'0:05.816',-0.020
'0:05.818',-0.020
'0:05.820',-0.025
'0:05.822',-0.030
'0:05.824',-0.040
'0:05.826',-0.050
'0:05.828',-0.060
'0:05.830',-0.065
'0:05.832',-0.070
'0:05.834',-0.070
'0:05.836',-0.065
'0:05.838',-0.060
'0:05.840',-0.055
'0:05.842',-0.050
'0:05.844',-0.050
'0:05.846',-0.050
'0:05.848',-0.055
'0:05.850',-0.060
'0:05.852',-0.065
'0:05.854',-0.070
'0:05.856',-0.070
'0:05.858',-0.065
'0:05.860',-0.060
'0:05.862',-0.055
'0:05.864',-0.055
'0:05.866',-0.050
'0:05.868',-0.055
'0:05.870',-0.060
'0:05.872',-0.065
'0:05.874',-0.065
'0:05.876',-0.065
'0:05.878',-0.065
'0:05.880',-0.060
'0:05.882',-0.050
'0:05.884',-0.040
'0:05.886',-0.030
'0:05.888',-0.025
'0:05.890',-0.025
'0:05.892',-0.030
'0:05.894',-0.040
'0:05.896',-0.050
'0:05.898',-0.060
'0:05.900',-0.065
'0:05.902',-0.065
'0:05.904',-0.065
'0:05.906',-0.060
'0:05.908',-0.055
'0:05.910',-0.045
'0:05.912',-0.040
'0:05.914',-0.040
'0:05.916',-0.040
'0:05.918',-0.045
'0:05.920',-0.050
'0:05.922',-0.055
'0:05.924',-0.055
'0:05.926',-0.055
'0:05.928',-0.050
'0:05.930',-0.045
'0:05.932',-0.040
'0:05.934',-0.035
'0:05.936',-0.030
'0:05.938',-0.030
'0:05.940',-0.030
'0:05.942',-0.040
'0:05.944',-0.045
'0:05.946',-0.055
'0:05.948',-0.065
'0:05.950',-0.070
'0:05.952',-0.075
'0:05.954',-0.075
'0:05.956',-0.070
'0:05.958',-0.065
'0:05.960',-0.055
'0:05.962',-0.045
'0:05.964',-0.035
'0:05.966',-0.025
'0:05.968',-0.025
'0:05.970',-0.025
'0:05.972',-0.030
'0:05.974',-0.035
'0:05.976',-0.045
'0:05.978',-0.055
'0:05.980',-0.060
'0:05.982',-0.065
'0:05.984',-0.060
'0:05.986',-0.055
'0:05.988',-0.045
'0:05.990',-0.035
'0:05.992',-0.025
'0:05.994',-0.020
'0:05.996',-0.020
'0:05.998',-0.025
'0:06.000',-0.035
'0:06.002',-0.045
'0:06.004',-0.055
'0:06.006',-0.060
'0:06.008',-0.065
'0:06.010',-0.065
'0:06.012',-0.065
'0:06.014',-0.055
'0:06.016',-0.045
'0:06.018',-0.040
'0:06.020',-0.035
'0:06.022',-0.030
'0:06.024',-0.030
'0:06.026',-0.030
'0:06.028',-0.035
'0:06.030',-0.040
'0:06.032',-0.045
'0:06.034',-0.050
'0:06.036',-0.055
'0:06.038',-0.055
'0:06.040',-0.055
'0:06.042',-0.050
'0:06.044',-0.045
'0:06.046',-0.040
'0:06.048',-0.030
'0:06.050',-0.020
'0:06.052',-0.010
'0:06.054',0.000
'0:06.056',0.005
'0:06.058',0.010
'0:06.060',0.005
'0:06.062',0.005
'0:06.064',-0.005
'0:06.066',-0.010
'0:06.068',-0.010
'0:06.070',-0.010
'0:06.072',-0.010
'0:06.074',0.000
'0:06.076',0.010
'0:06.078',0.020
'0:06.080',0.035
'0:06.082',0.040
'0:06.084',0.040
'0:06.086',0.035
'0:06.088',0.020
'0:06.090',0.005
'0:06.092',-0.010
'0:06.094',-0.030
'0:06.096',-0.040
'0:06.098',-0.050
'0:06.100',-0.055
'0:06.102',-0.055
'0:06.104',-0.050
'0:06.106',-0.045
'0:06.108',-0.040
'0:06.110',-0.040
'0:06.112',-0.040
'0:06.114',-0.045
'0:06.116',-0.045
'0:06.118',-0.050
'0:06.120',-0.055
'0:06.122',-0.060
'0:06.124',-0.060
'0:06.126',-0.055
'0:06.128',-0.055
'0:06.130',-0.055
'0:06.132',-0.050
'0:06.134',-0.050
'0:06.136',-0.050
'0:06.138',-0.050
'0:06.140',-0.050
'0:06.142',-0.050
'0:06.144',-0.045
'0:06.146',-0.045
'0:06.148',-0.040
'0:06.150',-0.035
'0:06.152',-0.030
'0:06.154',-0.025
'0:06.156',-0.025
'0:06.158',-0.030
'0:06.160',-0.040
'0:06.162',-0.060
'0:06.164',-0.080
'0:06.166',-0.100
'0:06.168',-0.120
'0:06.170',-0.125
'0:06.172',-0.115
'0:06.174',-0.080
'0:06.176',-0.025
'0:06.178',0.055
'0:06.180',0.155
'0:06.182',0.260
'0:06.184',0.365
'0:06.186',0.460
'0:06.188',0.525
'0:06.190',0.555
'0:06.192',0.545
'0:06.194',0.490
'0:06.196',0.405
'0:06.198',0.290
'0:06.200',0.165
'0:06.202',0.040
'0:06.204',-0.070
'0:06.206',-0.155
'0:06.208',-0.210
'0:06.210',-0.235
'0:06.212',-0.230
'0:06.214',-0.200
'0:06.216',-0.160
'0:06.218',-0.115
'0:06.220',-0.070
'0:06.222',-0.035
'0:06.224',-0.015
'0:06.226',-0.005
'0:06.228',-0.005
'0:06.230',-0.015
'0:06.232',-0.030
'0:06.234',-0.045
'0:06.236',-0.055
'0:06.238',-0.070
'0:06.240',-0.075
'0:06.242',-0.080
'0:06.244',-0.080
'0:06.246',-0.075
'0:06.248',-0.070
'0:06.250',-0.065
'0:06.252',-0.060
'0:06.254',-0.055
'0:06.256',-0.045
'0:06.258',-0.035
'0:06.260',-0.030
'0:06.262',-0.020
'0:06.264',-0.020
'0:06.266',-0.015
'0:06.268',-0.020
'0:06.270',-0.025
'0:06.272',-0.035
'0:06.274',-0.050
'0:06.276',-0.060
'0:06.278',-0.075
'0:06.280',-0.085
'0:06.282',-0.090
'0:06.284',-0.090
'0:06.286',-0.085
'0:06.288',-0.075
'0:06.290',-0.060
'0:06.292',-0.045
'0:06.294',-0.030
'0:06.296',-0.020
'0:06.298',-0.010
'0:06.300',0.000
'0:06.302',0.005
'0:06.304',0.005
'0:06.306',0.005
'0:06.308',0.005
'0:06.310',0.000
'0:06.312',-0.005
'0:06.314',-0.010
'0:06.316',-0.020
'0:06.318',-0.025
'0:06.320',-0.035
'0:06.322',-0.045
'0:06.324',-0.050
'0:06.326',-0.055
'0:06.328',-0.055
'0:06.330',-0.045
'0:06.332',-0.040
'0:06.334',-0.025
'0:06.336',-0.010
'0:06.338',0.000
'0:06.340',0.010
'0:06.342',0.015
'0:06.344',0.020
'0:06.346',0.015
'0:06.348',0.015
'0:06.350',0.010
'0:06.352',0.005
'0:06.354',0.000
'0:06.356',0.000
'0:06.358',0.000
'0:06.360',0.000
'0:06.362',0.005
'0:06.364',0.005
'0:06.366',0.010
'0:06.368',0.015
'0:06.370',0.015
'0:06.372',0.015
'0:06.374',0.015
'0:06.376',0.020
'0:06.378',0.025
'0:06.380',0.030
'0:06.382',0.040
'0:06.384',0.050
'0:06.386',0.065
'0:06.388',0.075
'0:06.390',0.090
'0:06.392',0.100
'0:06.394',0.105
'0:06.396',0.110
'0:06.398',0.110
'0:06.400',0.110
'0:06.402',0.110
'0:06.404',0.110
'0:06.406',0.110
'0:06.408',0.110
'0:06.410',0.110
'0:06.412',0.115
'0:06.414',0.120
'0:06.416',0.125
'0:06.418',0.125
'0:06.420',0.135
'0:06.422',0.140
'0:06.424',0.150
'0:06.426',0.155
'0:06.428',0.165
'0:06.430',0.175
'0:06.432',0.180
'0:06.434',0.185
'0:06.436',0.185
'0:06.438',0.185
'0:06.440',0.180
'0:06.442',0.170
'0:06.444',0.160
'0:06.446',0.150
'0:06.448',0.140
'0:06.450',0.135
'0:06.452',0.130
'0:06.454',0.120
'0:06.456',0.115
'0:06.458',0.105
'0:06.460',0.100
'0:06.462',0.090
'0:06.464',0.080
'0:06.466',0.070
'0:06.468',0.060
'0:06.470',0.050
'0:06.472',0.050
'0:06.474',0.045
'0:06.476',0.045
'0:06.478',0.040
'0:06.480',0.035
'0:06.482',0.030
'0:06.484',0.020
'0:06.486',0.010
'0:06.488',-0.005
'0:06.490',-0.020
'0:06.492',-0.030
'0:06.494',-0.035
'0:06.496',-0.040
'0:06.498',-0.040
'0:06.500',-0.040
'0:06.502',-0.035
'0:06.504',-0.030
'0:06.506',-0.020
'0:06.508',-0.015
'0:06.510',-0.010
'0:06.512',-0.010
'0:06.514',-0.005
'0:06.516',0.000
'0:06.518',0.005
'0:06.520',0.005
'0:06.522',0.005
'0:06.524',0.005
'0:06.526',0.000
'0:06.528',-0.005
'0:06.530',-0.015
'0:06.532',-0.020
'0:06.534',-0.030
'0:06.536',-0.035
'0:06.538',-0.040
'0:06.540',-0.040
'0:06.542',-0.040
'0:06.544',-0.040
'0:06.546',-0.040
'0:06.548',-0.040
'0:06.550',-0.040
'0:06.552',-0.040
'0:06.554',-0.040
'0:06.556',-0.045
'0:06.558',-0.045
'0:06.560',-0.040
'0:06.562',-0.035
'0:06.564',-0.030
'0:06.566',-0.025
'0:06.568',-0.025
'0:06.570',-0.020
'0:06.572',-0.020
'0:06.574',-0.020
'0:06.576',-0.020
'0:06.578',-0.025
'0:06.580',-0.025
'0:06.582',-0.025
'0:06.584',-0.025
'0:06.586',-0.025
'0:06.588',-0.020
'0:06.590',-0.020
'0:06.592',-0.020
'0:06.594',-0.025
'0:06.596',-0.025
'0:06.598',-0.030
'0:06.600',-0.030
'0:06.602',-0.030
'0:06.604',-0.030
'0:06.606',-0.025
'0:06.608',-0.015
'0:06.610',-0.005
'0:06.612',0.000
'0:06.614',0.010
'0:06.616',0.015
'0:06.618',0.020
'0:06.620',0.020
'0:06.622',0.015
'0:06.624',0.005
'0:06.626',-0.005
'0:06.628',-0.015
'0:06.630',-0.030
'0:06.632',-0.040
'0:06.634',-0.045
'0:06.636',-0.050
'0:06.638',-0.055
'0:06.640',-0.050
'0:06.642',-0.045
'0:06.644',-0.040
'0:06.646',-0.035
'0:06.648',-0.025
'0:06.650',-0.020
'0:06.652',-0.015
'0:06.654',-0.010
'0:06.656',-0.010
'0:06.658',-0.005
'0:06.660',-0.005
'0:06.662',-0.005
'0:06.664',-0.005
'0:06.666',-0.010
'0:06.668',-0.015
'0:06.670',-0.025
'0:06.672',-0.035
'0:06.674',-0.040
'0:06.676',-0.045
'0:06.678',-0.045
'0:06.680',-0.040
'0:06.682',-0.030
'0:06.684',-0.020
'0:06.686',-0.010
'0:06.688',0.000
'0:06.690',0.005
'0:06.692',0.005
'0:06.694',0.000
'0:06.696',-0.005
'0:06.698',-0.020
'0:06.700',-0.030
'0:06.702',-0.040
'0:06.704',-0.045
'0:06.706',-0.045
'0:06.708',-0.040
'0:06.710',-0.035
'0:06.712',-0.025
'0:06.714',-0.020
'0:06.716',-0.020
'0:06.718',-0.020
'0:06.720',-0.025
'0:06.722',-0.035
'0:06.724',-0.040
'0:06.726',-0.050
'0:06.728',-0.055
'0:06.730',-0.055
'0:06.732',-0.055
'0:06.734',-0.045
'0:06.736',-0.035
'0:06.738',-0.025
'0:06.740',-0.015
'0:06.742',-0.005
'0:06.744',0.005
'0:06.746',0.005
'0:06.748',0.005
'0:06.750',0.000
'0:06.752',-0.010
'0:06.754',-0.015
'0:06.756',-0.025
'0:06.758',-0.030
'0:06.760',-0.030
'0:06.762',-0.025
'0:06.764',-0.015
'0:06.766',-0.005
'0:06.768',0.005
'0:06.770',0.020
'0:06.772',0.030
'0:06.774',0.040
'0:06.776',0.050
'0:06.778',0.055
'0:06.780',0.060
'0:06.782',0.060
'0:06.784',0.055
'0:06.786',0.050
'0:06.788',0.040
'0:06.790',0.030
'0:06.792',0.020
'0:06.794',0.010
'0:06.796',0.000
'0:06.798',-0.010
'0:06.800',-0.015
'0:06.802',-0.015
'0:06.804',-0.015
'0:06.806',-0.010
'0:06.808',-0.005
'0:06.810',0.000
'0:06.812',0.005
'0:06.814',0.005
'0:06.816',0.005
'0:06.818',-0.005
'0:06.820',-0.010
'0:06.822',-0.020
'0:06.824',-0.030
'0:06.826',-0.035
'0:06.828',-0.045
'0:06.830',-0.045
'0:06.832',-0.045
'0:06.834',-0.045
'0:06.836',-0.045
'0:06.838',-0.040
'0:06.840',-0.035
'0:06.842',-0.035
'0:06.844',-0.035
'0:06.846',-0.035
'0:06.848',-0.035
'0:06.850',-0.035
'0:06.852',-0.040
'0:06.854',-0.045
'0:06.856',-0.050
'0:06.858',-0.050
'0:06.860',-0.050
'0:06.862',-0.050
'0:06.864',-0.045
'0:06.866',-0.040
'0:06.868',-0.035
'0:06.870',-0.030
'0:06.872',-0.035
'0:06.874',-0.045
'0:06.876',-0.065
'0:06.878',-0.085
'0:06.880',-0.100
'0:06.882',-0.105
'0:06.884',-0.090
'0:06.886',-0.055
'0:06.888',0.010
'0:06.890',0.100
'0:06.892',0.210
'0:06.894',0.325
'0:06.896',0.440
'0:06.898',0.530
'0:06.900',0.590
'0:06.902',0.610
'0:06.904',0.585
'0:06.906',0.520
'0:06.908',0.425
'0:06.910',0.310
'0:06.912',0.190
'0:06.914',0.080
'0:06.916',-0.015
'0:06.918',-0.085
'0:06.920',-0.130
'0:06.922',-0.150
'0:06.924',-0.155
'0:06.926',-0.145
'0:06.928',-0.125
'0:06.930',-0.100
'0:06.932',-0.075
'0:06.934',-0.055
'0:06.936',-0.040
'0:06.938',-0.025
'0:06.940',-0.015
'0:06.942',-0.010
'0:06.944',-0.010
'0:06.946',-0.015
'0:06.948',-0.020
'0:06.950',-0.030
'0:06.952',-0.040
'0:06.954',-0.045
'0:06.956',-0.050
'0:06.958',-0.055
'0:06.960',-0.050
'0:06.962',-0.050
'0:06.964',-0.045
'0:06.966',-0.040
'0:06.968',-0.035
'0:06.970',-0.030
'0:06.972',-0.030
'0:06.974',-0.030
'0:06.976',-0.035
'0:06.978',-0.035
'0:06.980',-0.040
'0:06.982',-0.040
'0:06.984',-0.040
'0:06.986',-0.045
'0:06.988',-0.045
'0:06.990',-0.050
'0:06.992',-0.050
'0:06.994',-0.050
'0:06.996',-0.045
'0:06.998',-0.045
'0:07.000',-0.040
'0:07.002',-0.035
'0:07.004',-0.030
'0:07.006',-0.025
'0:07.008',-0.025
'0:07.010',-0.025
'0:07.012',-0.025
'0:07.014',-0.025
'0:07.016',-0.030
'0:07.018',-0.035
'0:07.020',-0.040
'0:07.022',-0.045
'0:07.024',-0.045
'0:07.026',-0.050
'0:07.028',-0.050
'0:07.030',-0.050
'0:07.032',-0.050
'0:07.034',-0.045
'0:07.036',-0.035
'0:07.038',-0.025
'0:07.040',-0.015
'0:07.042',-0.005
'0:07.044',0.005
'0:07.046',0.010
'0:07.048',0.010
'0:07.050',0.010
'0:07.052',0.005
'0:07.054',0.000
'0:07.056',-0.005
'0:07.058',-0.010
'0:07.060',-0.010
'0:07.062',-0.005
'0:07.064',-0.005
'0:07.066',0.000
'0:07.068',0.005
'0:07.070',0.005
'0:07.072',0.000
'0:07.074',0.000
'0:07.076',0.000
'0:07.078',0.000
'0:07.080',0.000
'0:07.082',0.005
'0:07.084',0.010
'0:07.086',0.020
'0:07.088',0.030
'0:07.090',0.035
'0:07.092',0.035
'0:07.094',0.035
'0:07.096',0.035
'0:07.098',0.030
'0:07.100',0.025
'0:07.102',0.020
'0:07.104',0.025
'0:07.106',0.030
'0:07.108',0.045
'0:07.110',0.060
'0:07.112',0.075
'0:07.114',0.095
'0:07.116',0.105
'0:07.118',0.115
'0:07.120',0.120
'0:07.122',0.125
'0:07.124',0.130
'0:07.126',0.130
'0:07.128',0.135
'0:07.130',0.140
'0:07.132',0.145
'0:07.134',0.155
'0:07.136',0.155
'0:07.138',0.160
'0:07.140',0.160
'0:07.142',0.155
'0:07.144',0.145
'0:07.146',0.140
'0:07.148',0.130
'0:07.150',0.130
'0:07.152',0.130
'0:07.154',0.135
'0:07.156',0.145
'0:07.158',0.150
'0:07.160',0.150
'0:07.162',0.150
'0:07.164',0.140
'0:07.166',0.125
'0:07.168',0.105
'0:07.170',0.085
'0:07.172',0.065
'0:07.174',0.055
'0:07.176',0.045
'0:07.178',0.045
'0:07.180',0.045
'0:07.182',0.050
'0:07.184',0.055
'0:07.186',0.055
'0:07.188',0.050
'0:07.190',0.035
'0:07.192',0.025
'0:07.194',0.005
'0:07.196',-0.010
'0:07.198',-0.025
'0:07.200',-0.030
'0:07.202',-0.035
'0:07.204',-0.035
'0:07.206',-0.030
'0:07.208',-0.030
'0:07.210',-0.025
'0:07.212',-0.030
'0:07.214',-0.030
'0:07.216',-0.035
'0:07.218',-0.040
'0:07.220',-0.045
'0:07.222',-0.045
'0:07.224',-0.045
'0:07.226',-0.040
'0:07.228',-0.035
'0:07.230',-0.030
'0:07.232',-0.025
'0:07.234',-0.025
'0:07.236',-0.025
'0:07.238',-0.030
'0:07.240',-0.030
'0:07.242',-0.035
'0:07.244',-0.035
'0:07.246',-0.035
'0:07.248',-0.035
'0:07.250',-0.030
'0:07.252',-0.030
'0:07.254',-0.035
'0:07.256',-0.040
'0:07.258',-0.045
'0:07.260',-0.055
'0:07.262',-0.060
'0:07.264',-0.065
'0:07.266',-0.065
'0:07.268',-0.065
'0:07.270',-0.055
'0:07.272',-0.045
'0:07.274',-0.035
'0:07.276',-0.030
'0:07.278',-0.020
'0:07.280',-0.020
'0:07.282',-0.020
'0:07.284',-0.025
'0:07.286',-0.030
'0:07.288',-0.035
'0:07.290',-0.040
'0:07.292',-0.040
'0:07.294',-0.040
'0:07.296',-0.035
'0:07.298',-0.035
'0:07.300',-0.030
'0:07.302',-0.030
'0:07.304',-0.030
'0:07.306',-0.035
'0:07.308',-0.040
'0:07.310',-0.045
'0:07.312',-0.045
'0:07.314',-0.045
'0:07.316',-0.040
'0:07.318',-0.035
'0:07.320',-0.025
'0:07.322',-0.020
'0:07.324',-0.015
'0:07.326',-0.010
'0:07.328',-0.010
'0:07.330',-0.015
'0:07.332',-0.020
'0:07.334',-0.025
'0:07.336',-0.035
'0:07.338',-0.040
'0:07.340',-0.045
'0:07.342',-0.045
'0:07.344',-0.045
'0:07.346',-0.045
'0:07.348',-0.040
'0:07.350',-0.035
'0:07.352',-0.030
'0:07.354',-0.030
'0:07.356',-0.030
'0:07.358',-0.025
'0:07.360',-0.025
'0:07.362',-0.025
'0:07.364',-0.025
'0:07.366',-0.025
'0:07.368',-0.020
'0:07.370',-0.020
'0:07.372',-0.015
'0:07.374',-0.015
'0:07.376',-0.015
'0:07.378',-0.020
'0:07.380',-0.025
'0:07.382',-0.030
'0:07.384',-0.035
'0:07.386',-0.035
'0:07.388',-0.035
'0:07.390',-0.030
'0:07.392',-0.025
'0:07.394',-0.020
'0:07.396',-0.010
'0:07.398',-0.010
'0:07.400',-0.010
'0:07.402',-0.010
'0:07.404',-0.020
'0:07.406',-0.030
'0:07.408',-0.040
'0:07.410',-0.050
'0:07.412',-0.050
'0:07.414',-0.050
'0:07.416',-0.040
'0:07.418',-0.030
'0:07.420',-0.015
'0:07.422',-0.005
'0:07.424',0.005
'0:07.426',0.010
'0:07.428',0.005
'0:07.430',0.000
'0:07.432',-0.015
'0:07.434',-0.030
'0:07.436',-0.040
'0:07.438',-0.050
'0:07.440',-0.055
'0:07.442',-0.050
'0:07.444',-0.045
'0:07.446',-0.035
'0:07.448',-0.025
'0:07.450',-0.020
'0:07.452',-0.015
'0:07.454',-0.010
'0:07.456',-0.015
'0:07.458',-0.015
'0:07.460',-0.025
'0:07.462',-0.030
'0:07.464',-0.035
'0:07.466',-0.040
'0:07.468',-0.040
'0:07.470',-0.040
'0:07.472',-0.035
'0:07.474',-0.030
'0:07.476',-0.025
'0:07.478',-0.020
'0:07.480',-0.020
'0:07.482',-0.015
'0:07.484',-0.015
'0:07.486',-0.015
'0:07.488',-0.020
'0:07.490',-0.025
'0:07.492',-0.030
'0:07.494',-0.030
'0:07.496',-0.035
'0:07.498',-0.035
'0:07.500',-0.030
'0:07.502',-0.025
'0:07.504',-0.020
'0:07.506',-0.015
'0:07.508',-0.010
'0:07.510',-0.010
'0:07.512',-0.015
'0:07.514',-0.020
'0:07.516',-0.025
'0:07.518',-0.030
'0:07.520',-0.035
'0:07.522',-0.040
'0:07.524',-0.040
'0:07.526',-0.035
'0:07.528',-0.030
'0:07.530',-0.015
'0:07.532',-0.005
'0:07.534',0.010
'0:07.536',0.020
'0:07.538',0.030
'0:07.540',0.040
'0:07.542',0.045
'0:07.544',0.045
'0:07.546',0.045
'0:07.548',0.045
'0:07.550',0.040
'0:07.552',0.040
'0:07.554',0.035
'0:07.556',0.030
'0:07.558',0.030
'0:07.560',0.025
'0:07.562',0.015
'0:07.564',0.005
'0:07.566',-0.005
'0:07.568',-0.020
'0:07.570',-0.035
'0:07.572',-0.045
'0:07.574',-0.050
'0:07.576',-0.055
'0:07.578',-0.050
'0:07.580',-0.045
'0:07.582',-0.035
'0:07.584',-0.025
'0:07.586',-0.020
'0:07.588',-0.015
'0:07.590',-0.015
'0:07.592',-0.015
'0:07.594',-0.025
'0:07.596',-0.030
'0:07.598',-0.040
'0:07.600',-0.045
'0:07.602',-0.045
'0:07.604',-0.045
'0:07.606',-0.040
'0:07.608',-0.040
'0:07.610',-0.035
'0:07.612',-0.035
'0:07.614',-0.040
'0:07.616',-0.045
'0:07.618',-0.050
'0:07.620',-0.055
'0:07.622',-0.055
'0:07.624',-0.060
'0:07.626',-0.055
'0:07.628',-0.055
'0:07.630',-0.060
'0:07.632',-0.065
'0:07.634',-0.080
'0:07.636',-0.095
'0:07.638',-0.115
'0:07.640',-0.125
'0:07.642',-0.120
'0:07.644',-0.090
'0:07.646',-0.040
'0:07.648',0.040
'0:07.650',0.145
'0:07.652',0.260
'0:07.654',0.385
'0:07.656',0.490
'0:07.658',0.575
'0:07.660',0.620
'0:07.662',0.620
'0:07.664',0.575
'0:07.666',0.490
'0:07.668',0.380
'0:07.670',0.255
'0:07.672',0.135
'0:07.674',0.025
'0:07.676',-0.060
'0:07.678',-0.115
'0:07.680',-0.140
'0:07.682',-0.140
'0:07.684',-0.125
'0:07.686',-0.095
'0:07.688',-0.060
'0:07.690',-0.035
'0:07.692',-0.015
'0:07.694',-0.010
'0:07.696',-0.010
'0:07.698',-0.020
'0:07.700',-0.035
'0:07.702',-0.050
'0:07.704',-0.060
'0:07.706',-0.070
'0:07.708',-0.070
'0:07.710',-0.070
'0:07.712',-0.070
'0:07.714',-0.060
'0:07.716',-0.055
'0:07.718',-0.050
'0:07.720',-0.045
'0:07.722',-0.045
'0:07.724',-0.045
'0:07.726',-0.050
'0:07.728',-0.050
'0:07.730',-0.055
'0:07.732',-0.055
'0:07.734',-0.055
'0:07.736',-0.055
'0:07.738',-0.050
'0:07.740',-0.050
'0:07.742',-0.045
'0:07.744',-0.045
'0:07.746',-0.045
'0:07.748',-0.050
'0:07.750',-0.055
'0:07.752',-0.055
'0:07.754',-0.055
'0:07.756',-0.055
'0:07.758',-0.050
'0:07.760',-0.040
'0:07.762',-0.030
'0:07.764',-0.020
'0:07.766',-0.010
'0:07.768',-0.005
'0:07.770',-0.005
'0:07.772',-0.010
'0:07.774',-0.020
'0:07.776',-0.030
'0:07.778',-0.040
'0:07.780',-0.045
'0:07.782',-0.050
'0:07.784',-0.045
'0:07.786',-0.040
'0:07.788',-0.030
'0:07.790',-0.025
'0:07.792',-0.015
'0:07.794',-0.015
'0:07.796',-0.015
'0:07.798',-0.020
'0:07.800',-0.025
'0:07.802',-0.035
'0:07.804',-0.040
'0:07.806',-0.045
'0:07.808',-0.050
'0:07.810',-0.045
'0:07.812',-0.040
'0:07.814',-0.035
'0:07.816',-0.025
'0:07.818',-0.020
'0:07.820',-0.015
'0:07.822',-0.010
'0:07.824',-0.005
'0:07.826',-0.005
'0:07.828',-0.010
'0:07.830',-0.010
'0:07.832',-0.015
'0:07.834',-0.015
'0:07.836',-0.015
'0:07.838',-0.010
'0:07.840',-0.010
'0:07.842',-0.005
'0:07.844',0.000
'0:07.846',0.005
'0:07.848',0.010
'0:07.850',0.015
'0:07.852',0.015
'0:07.854',0.020
'0:07.856',0.025
'0:07.858',0.030
'0:07.860',0.040
'0:07.862',0.045
'0:07.864',0.050
'0:07.866',0.060
'0:07.868',0.065
'0:07.870',0.075
'0:07.872',0.080
'0:07.874',0.080
'0:07.876',0.085
'0:07.878',0.085
'0:07.880',0.090
'0:07.882',0.095
'0:07.884',0.100
'0:07.886',0.110
'0:07.888',0.120
'0:07.890',0.130
'0:07.892',0.140
'0:07.894',0.145
'0:07.896',0.150
'0:07.898',0.150
'0:07.900',0.150
'0:07.902',0.150
'0:07.904',0.145
'0:07.906',0.145
'0:07.908',0.145
'0:07.910',0.145
'0:07.912',0.150
'0:07.914',0.155
'0:07.916',0.160
'0:07.918',0.160
'0:07.920',0.155
'0:07.922',0.145
'0:07.924',0.135
'0:07.926',0.120
'0:07.928',0.100
'0:07.930',0.085
'0:07.932',0.070
'0:07.934',0.060
'0:07.936',0.050
'0:07.938',0.045
'0:07.940',0.040
'0:07.942',0.035
'0:07.944',0.030
'0:07.946',0.025
'0:07.948',0.015
'0:07.950',0.005
'0:07.952',-0.010
'0:07.954',-0.020
'0:07.956',-0.030
'0:07.958',-0.040
'0:07.960',-0.040
'0:07.962',-0.040
'0:07.964',-0.030
'0:07.966',-0.025
'0:07.968',-0.010
'0:07.970',-0.005
'0:07.972',0.005
'0:07.974',0.005
'0:07.976',0.005
'0:07.978',-0.005
'0:07.980',-0.015
'0:07.982',-0.030
'0:07.984',-0.040
'0:07.986',-0.050
'0:07.988',-0.055
'0:07.990',-0.050
'0:07.992',-0.045
'0:07.994',-0.035
'0:07.996',-0.030
'0:07.998',-0.020
'0:08.000',-0.020
'0:08.002',-0.020
'0:08.004',-0.025
'0:08.006',-0.030
'0:08.008',-0.040
'0:08.010',-0.045
'0:08.012',-0.050
'0:08.014',-0.050
'0:08.016',-0.045
'0:08.018',-0.040
'0:08.020',-0.035
'0:08.022',-0.030
'0:08.024',-0.030
'0:08.026',-0.030
'0:08.028',-0.035
'0:08.030',-0.045
'0:08.032',-0.050
'0:08.034',-0.055
'0:08.036',-0.060
'0:08.038',-0.055
'0:08.040',-0.050
'0:08.042',-0.045
'0:08.044',-0.040
'0:08.046',-0.035
'0:08.048',-0.030
'0:08.050',-0.030
'0:08.052',-0.035
'0:08.054',-0.035
'0:08.056',-0.040
'0:08.058',-0.045
'0:08.060',-0.050
'0:08.062',-0.050
'0:08.064',-0.050
'0:08.066',-0.045
'0:08.068',-0.045
'0:08.070',-0.040
'0:08.072',-0.035
'0:08.074',-0.030
'0:08.076',-0.030
'0:08.078',-0.030
'0:08.080',-0.030
'0:08.082',-0.035
'0:08.084',-0.040
'0:08.086',-0.040
'0:08.088',-0.045
'0:08.090',-0.050
'0:08.092',-0.050
'0:08.094',-0.050
'0:08.096',-0.050
'0:08.098',-0.045
'0:08.100',-0.040
'0:08.102',-0.035
'0:08.104',-0.030
'0:08.106',-0.030
'0:08.108',-0.030
'0:08.110',-0.025
'0:08.112',-0.030
'0:08.114',-0.030
'0:08.116',-0.030
'0:08.118',-0.025
'0:08.120',-0.025
'0:08.122',-0.025
'0:08.124',-0.020
'0:08.126',-0.020
'0:08.128',-0.025
'0:08.130',-0.030
'0:08.132',-0.035
'0:08.134',-0.040
'0:08.136',-0.045
'0:08.138',-0.045
'0:08.140',-0.050
'0:08.142',-0.050
'0:08.144',-0.045
'0:08.146',-0.045
'0:08.148',-0.040
'0:08.150',-0.035
'0:08.152',-0.030
'0:08.154',-0.030
'0:08.156',-0.030
'0:08.158',-0.030
'0:08.160',-0.030
'0:08.162',-0.035
'0:08.164',-0.035
'0:08.166',-0.040
'0:08.168',-0.040
'0:08.170',-0.040
'0:08.172',-0.035
'0:08.174',-0.035
'0:08.176',-0.030
'0:08.178',-0.030
'0:08.180',-0.025
'0:08.182',-0.025
'0:08.184',-0.025
'0:08.186',-0.030
'0:08.188',-0.030
'0:08.190',-0.035
'0:08.192',-0.040
'0:08.194',-0.045
'0:08.196',-0.045
'0:08.198',-0.045
'0:08.200',-0.045
'0:08.202',-0.040
'0:08.204',-0.035
'0:08.206',-0.030
'0:08.208',-0.025
'0:08.210',-0.025
'0:08.212',-0.025
'0:08.214',-0.030
'0:08.216',-0.035
'0:08.218',-0.045
'0:08.220',-0.050
'0:08.222',-0.050
'0:08.224',-0.050
'0:08.226',-0.050
'0:08.228',-0.045
'0:08.230',-0.040
'0:08.232',-0.040
'0:08.234',-0.040
'0:08.236',-0.045
'0:08.238',-0.050
'0:08.240',-0.055
'0:08.242',-0.060
'0:08.244',-0.060
'0:08.246',-0.055
'0:08.248',-0.045
'0:08.250',-0.035
'0:08.252',-0.020
'0:08.254',-0.010
'0:08.256',-0.005
'0:08.258',-0.005
'0:08.260',-0.005
'0:08.262',-0.010
'0:08.264',-0.015
'0:08.266',-0.015
'0:08.268',-0.015
'0:08.270',-0.015
'0:08.272',-0.010
'0:08.274',-0.005
'0:08.276',-0.005
'0:08.278',-0.005
'0:08.280',-0.005
'0:08.282',-0.015
'0:08.284',-0.020
'0:08.286',-0.030
'0:08.288',-0.030
'0:08.290',-0.030
'0:08.292',-0.025
'0:08.294',-0.020
'0:08.296',-0.010
'0:08.298',0.000
'0:08.300',0.005
'0:08.302',0.010
'0:08.304',0.010
'0:08.306',0.005
'0:08.308',0.005
'0:08.310',0.000
'0:08.312',0.000
'0:08.314',0.005
'0:08.316',0.010
'0:08.318',0.020
'0:08.320',0.025
'0:08.322',0.030
'0:08.324',0.035
'0:08.326',0.035
'0:08.328',0.035
'0:08.330',0.035
'0:08.332',0.035
'0:08.334',0.035
'0:08.336',0.035
'0:08.338',0.035
'0:08.340',0.035
'0:08.342',0.030
'0:08.344',0.020
'0:08.346',0.010
'0:08.348',-0.005
'0:08.350',-0.015
'0:08.352',-0.030
'0:08.354',-0.040
'0:08.356',-0.045
'0:08.358',-0.045
'0:08.360',-0.040
'0:08.362',-0.035
'0:08.364',-0.030
'0:08.366',-0.025
'0:08.368',-0.025
'0:08.370',-0.020
'0:08.372',-0.025
'0:08.374',-0.030
'0:08.376',-0.035
'0:08.378',-0.035
'0:08.380',-0.040
'0:08.382',-0.040
'0:08.384',-0.040
'0:08.386',-0.040
'0:08.388',-0.040
'0:08.390',-0.040
'0:08.392',-0.040
'0:08.394',-0.045
'0:08.396',-0.055
'0:08.398',-0.060
'0:08.400',-0.060
'0:08.402',-0.060
'0:08.404',-0.055
'0:08.406',-0.045
'0:08.408',-0.035
'0:08.410',-0.025
'0:08.412',-0.020
'0:08.414',-0.025
'0:08.416',-0.035
'0:08.418',-0.055
'0:08.420',-0.080
'0:08.422',-0.105
'0:08.424',-0.115
'0:08.426',-0.105
'0:08.428',-0.065
'0:08.430',0.000
'0:08.432',0.095
'0:08.434',0.215
'0:08.436',0.340
'0:08.438',0.460
'0:08.440',0.555
'0:08.442',0.620
'0:08.444',0.640
'0:08.446',0.610
'0:08.448',0.540
'0:08.450',0.435
'0:08.452',0.310
'0:08.454',0.185
'0:08.456',0.065
'0:08.458',-0.035
'0:08.460',-0.105
'0:08.462',-0.150
'0:08.464',-0.165
'0:08.466',-0.155
'0:08.468',-0.135
'0:08.470',-0.105
'0:08.472',-0.080
'0:08.474',-0.060
'0:08.476',-0.040
'0:08.478',-0.035
'0:08.480',-0.030
'0:08.482',-0.030
'0:08.484',-0.035
'0:08.486',-0.040
'0:08.488',-0.045
'0:08.490',-0.045
'0:08.492',-0.050
'0:08.494',-0.055
'0:08.496',-0.060
'0:08.498',-0.060
'0:08.500',-0.065
'0:08.502',-0.065
'0:08.504',-0.060
'0:08.506',-0.055
'0:08.508',-0.050
'0:08.510',-0.040
'0:08.512',-0.030
'0:08.514',-0.025
'0:08.516',-0.025
'0:08.518',-0.025
'0:08.520',-0.030
'0:08.522',-0.035
'0:08.524',-0.045
'0:08.526',-0.050
'0:08.528',-0.055
'0:08.530',-0.060
'0:08.532',-0.055
'0:08.534',-0.050
'0:08.536',-0.045
'0:08.538',-0.040
'0:08.540',-0.035
'0:08.542',-0.030
'0:08.544',-0.030
'0:08.546',-0.035
'0:08.548',-0.035
'0:08.550',-0.040
'0:08.552',-0.045
'0:08.554',-0.045
'0:08.556',-0.040
'0:08.558',-0.035
'0:08.560',-0.030
'0:08.562',-0.025
'0:08.564',-0.020
'0:08.566',-0.015
'0:08.568',-0.015
'0:08.570',-0.020
'0:08.572',-0.030
'0:08.574',-0.035
'0:08.576',-0.040
'0:08.578',-0.045
'0:08.580',-0.040
'0:08.582',-0.035
'0:08.584',-0.030
'0:08.586',-0.020
'0:08.588',-0.010
'0:08.590',-0.005
'0:08.592',-0.005
'0:08.594',-0.005
'0:08.596',-0.010
'0:08.598',-0.015
'0:08.600',-0.020
'0:08.602',-0.025
'0:08.604',-0.025
'0:08.606',-0.025
'0:08.608',-0.015
'0:08.610',-0.005
'0:08.612',0.005
'0:08.614',0.015
'0:08.616',0.025
'0:08.618',0.030
'0:08.620',0.030
'0:08.622',0.030
'0:08.624',0.030
'0:08.626',0.030
'0:08.628',0.030
'0:08.630',0.030
'0:08.632',0.035
'0:08.634',0.040
'0:08.636',0.050
'0:08.638',0.055
'0:08.640',0.065
'0:08.642',0.070
'0:08.644',0.075
'0:08.646',0.075
'0:08.648',0.075
'0:08.650',0.075
'0:08.652',0.070
'0:08.654',0.070
'0:08.656',0.075
'0:08.658',0.080
'0:08.660',0.085
'0:08.662',0.095
'0:08.664',0.105
'0:08.666',0.110
'0:08.668',0.120
'0:08.670',0.125
'0:08.672',0.125
'0:08.674',0.130
'0:08.676',0.130
'0:08.678',0.135
'0:08.680',0.140
'0:08.682',0.150
'0:08.684',0.160
'0:08.686',0.170
'0:08.688',0.180
'0:08.690',0.185
'0:08.692',0.185
'0:08.694',0.185
'0:08.696',0.175
'0:08.698',0.170
'0:08.700',0.160
'0:08.702',0.150
'0:08.704',0.140
'0:08.706',0.135
'0:08.708',0.130
'0:08.710',0.120
'0:08.712',0.115
'0:08.714',0.105
'0:08.716',0.100
'0:08.718',0.085
'0:08.720',0.075
'0:08.722',0.065
'0:08.724',0.060
'0:08.726',0.055
'0:08.728',0.055
'0:08.730',0.050
'0:08.732',0.050
'0:08.734',0.045
'0:08.736',0.040
'0:08.738',0.030
'0:08.740',0.015
'0:08.742',0.000
'0:08.744',-0.015
'0:08.746',-0.025
'0:08.748',-0.035
'0:08.750',-0.040
'0:08.752',-0.040
'0:08.754',-0.035
'0:08.756',-0.025
'0:08.758',-0.020
'0:08.760',-0.010
'0:08.762',-0.005
'0:08.764',-0.005
'0:08.766',-0.010
'0:08.768',-0.015
'0:08.770',-0.025
'0:08.772',-0.030
'0:08.774',-0.035
'0:08.776',-0.035
'0:08.778',-0.035
'0:08.780',-0.030
'0:08.782',-0.025
'0:08.784',-0.020
'0:08.786',-0.015
'0:08.788',-0.015
'0:08.790',-0.015
'0:08.792',-0.015
'0:08.794',-0.020
'0:08.796',-0.030
'0:08.798',-0.035
'0:08.800',-0.040
'0:08.802',-0.040
'0:08.804',-0.045
'0:08.806',-0.045
'0:08.808',-0.045
'0:08.810',-0.045
'0:08.812',-0.045
'0:08.814',-0.045
'0:08.816',-0.045
'0:08.818',-0.045
'0:08.820',-0.040
'0:08.822',-0.035
'0:08.824',-0.030
'0:08.826',-0.025
'0:08.828',-0.020
'0:08.830',-0.020
'0:08.832',-0.020
'0:08.834',-0.020
'0:08.836',-0.025
'0:08.838',-0.030
'0:08.840',-0.035
'0:08.842',-0.040
'0:08.844',-0.045
'0:08.846',-0.045
'0:08.848',-0.040
'0:08.850',-0.040
'0:08.852',-0.035
'0:08.854',-0.030
'0:08.856',-0.025
'0:08.858',-0.020
'0:08.860',-0.015
'0:08.862',-0.015
'0:08.864',-0.015
'0:08.866',-0.015
'0:08.868',-0.015
'0:08.870',-0.020
'0:08.872',-0.020
'0:08.874',-0.025
'0:08.876',-0.025
'0:08.878',-0.030
'0:08.880',-0.030
'0:08.882',-0.030
'0:08.884',-0.030
'0:08.886',-0.030
'0:08.888',-0.025
'0:08.890',-0.025
'0:08.892',-0.025
'0:08.894',-0.025
'0:08.896',-0.020
'0:08.898',-0.020
'0:08.900',-0.020
'0:08.902',-0.020
'0:08.904',-0.015
'0:08.906',-0.015
'0:08.908',-0.015
'0:08.910',-0.020
'0:08.912',-0.020
'0:08.914',-0.025
'0:08.916',-0.035
'0:08.918',-0.040
'0:08.920',-0.040
'0:08.922',-0.045
'0:08.924',-0.045
'0:08.926',-0.045
'0:08.928',-0.045
'0:08.930',-0.040
'0:08.932',-0.035
'0:08.934',-0.035
'0:08.936',-0.035
'0:08.938',-0.035
'0:08.940',-0.030
'0:08.942',-0.030
'0:08.944',-0.030
'0:08.946',-0.030
'0:08.948',-0.025
'0:08.950',-0.020
'0:08.952',-0.015
'0:08.954',-0.010
'0:08.956',-0.010
'0:08.958',-0.010
'0:08.960',-0.015
'0:08.962',-0.020
'0:08.964',-0.030
'0:08.966',-0.035
'0:08.968',-0.045
'0:08.970',-0.045
'0:08.972',-0.045
'0:08.974',-0.045
'0:08.976',-0.040
'0:08.978',-0.030
'0:08.980',-0.025
'0:08.982',-0.020
'0:08.984',-0.015
'0:08.986',-0.015
'0:08.988',-0.015
'0:08.990',-0.020
'0:08.992',-0.025
'0:08.994',-0.030
'0:08.996',-0.030
'0:08.998',-0.030
'0:09.000',-0.030
'0:09.002',-0.025
'0:09.004',-0.025
'0:09.006',-0.020
'0:09.008',-0.020
'0:09.010',-0.020
'0:09.012',-0.020
'0:09.014',-0.025
'0:09.016',-0.030
'0:09.018',-0.030
'0:09.020',-0.030
'0:09.022',-0.030
'0:09.024',-0.025
'0:09.026',-0.020
'0:09.028',-0.015
'0:09.030',-0.015
'0:09.032',-0.020
'0:09.034',-0.025
'0:09.036',-0.030
'0:09.038',-0.040
'0:09.040',-0.045
'0:09.042',-0.045
'0:09.044',-0.045
'0:09.046',-0.040
'0:09.048',-0.035
'0:09.050',-0.025
'0:09.052',-0.015
'0:09.054',-0.010
'0:09.056',-0.005
'0:09.058',-0.010
'0:09.060',-0.015
'0:09.062',-0.025
'0:09.064',-0.030
'0:09.066',-0.035
'0:09.068',-0.035
'0:09.070',-0.035
'0:09.072',-0.025
'0:09.074',-0.015
'0:09.076',-0.005
'0:09.078',0.000
'0:09.080',0.000
'0:09.082',-0.005
'0:09.084',-0.015
'0:09.086',-0.020
'0:09.088',-0.025
'0:09.090',-0.030
'0:09.092',-0.025
'0:09.094',-0.015
'0:09.096',0.000
'0:09.098',0.015
'0:09.100',0.025
'0:09.102',0.035
'0:09.104',0.035
'0:09.106',0.035
'0:09.108',0.030
'0:09.110',0.020
'0:09.112',0.015
'0:09.114',0.010
'0:09.116',0.015
'0:09.118',0.020
'0:09.120',0.030
'0:09.122',0.040
'0:09.124',0.045
'0:09.126',0.050
'0:09.128',0.050
'0:09.130',0.045
'0:09.132',0.035
'0:09.134',0.030
'0:09.136',0.025
'0:09.138',0.020
'0:09.140',0.020
'0:09.142',0.020
'0:09.144',0.020
'0:09.146',0.020
'0:09.148',0.015
'0:09.150',0.010
'0:09.152',0.000
'0:09.154',-0.015
'0:09.156',-0.030
'0:09.158',-0.040
'0:09.160',-0.045
'0:09.162',-0.045
'0:09.164',-0.040
'0:09.166',-0.030
'0:09.168',-0.025
'0:09.170',-0.015
'0:09.172',-0.015
'0:09.174',-0.015
'0:09.176',-0.025
'0:09.178',-0.035
'0:09.180',-0.045
'0:09.182',-0.055
'0:09.184',-0.065
'0:09.186',-0.065
'0:09.188',-0.065
'0:09.190',-0.060
'0:09.192',-0.055
'0:09.194',-0.050
'0:09.196',-0.050
'0:09.198',-0.050
'0:09.200',-0.055
'0:09.202',-0.055
'0:09.204',-0.060
'0:09.206',-0.060
'0:09.208',-0.055
'0:09.210',-0.050
'0:09.212',-0.045
'0:09.214',-0.045
'0:09.216',-0.050
'0:09.218',-0.060
'0:09.220',-0.075
'0:09.222',-0.090
'0:09.224',-0.100
'0:09.226',-0.100
'0:09.228',-0.075
'0:09.230',-0.025
'0:09.232',0.055
'0:09.234',0.155
'0:09.236',0.275
'0:09.238',0.390
'0:09.240',0.500
'0:09.242',0.580
'0:09.244',0.620
'0:09.246',0.610
'0:09.248',0.560
'0:09.250',0.470
'0:09.252',0.350
'0:09.254',0.220
'0:09.256',0.095
'0:09.258',-0.015
'0:09.260',-0.100
'0:09.262',-0.150
'0:09.264',-0.175
'0:09.266',-0.170
'0:09.268',-0.145
'0:09.270',-0.115
'0:09.272',-0.085
'0:09.274',-0.060
'0:09.276',-0.045
'0:09.278',-0.040
'0:09.280',-0.040
'0:09.282',-0.045
'0:09.284',-0.050
'0:09.286',-0.055
'0:09.288',-0.055
'0:09.290',-0.050
'0:09.292',-0.050
'0:09.294',-0.045
'0:09.296',-0.045
'0:09.298',-0.045
'0:09.300',-0.050
'0:09.302',-0.055
'0:09.304',-0.060
'0:09.306',-0.065
'0:09.308',-0.065
'0:09.310',-0.065
'0:09.312',-0.065
'0:09.314',-0.060
'0:09.316',-0.060
'0:09.318',-0.055
'0:09.320',-0.060
'0:09.322',-0.065
'0:09.324',-0.070
'0:09.326',-0.075
'0:09.328',-0.075
'0:09.330',-0.075
'0:09.332',-0.070
'0:09.334',-0.060
'0:09.336',-0.050
'0:09.338',-0.040
'0:09.340',-0.035
'0:09.342',-0.030
'0:09.344',-0.030
'0:09.346',-0.035
'0:09.348',-0.040
'0:09.350',-0.045
'0:09.352',-0.045
'0:09.354',-0.045
'0:09.356',-0.040
'0:09.358',-0.035
'0:09.360',-0.035
'0:09.362',-0.030
'0:09.364',-0.035
'0:09.366',-0.040
'0:09.368',-0.045
'0:09.370',-0.055
'0:09.372',-0.055
'0:09.374',-0.055
'0:09.376',-0.050
'0:09.378',-0.045
'0:09.380',-0.030
'0:09.382',-0.020
'0:09.384',-0.010
'0:09.386',-0.005
'0:09.388',-0.010
'0:09.390',-0.015
'0:09.392',-0.020
'0:09.394',-0.030
'0:09.396',-0.040
'0:09.398',-0.040
'0:09.400',-0.040
'0:09.402',-0.030
'0:09.404',-0.020
'0:09.406',-0.005
'0:09.408',0.010
'0:09.410',0.020
'0:09.412',0.030
'0:09.414',0.030
'0:09.416',0.030
'0:09.418',0.025
'0:09.420',0.020
'0:09.422',0.010
'0:09.424',0.010
'0:09.426',0.005
'0:09.428',0.005
'0:09.430',0.010
'0:09.432',0.015
'0:09.434',0.020
'0:09.436',0.020
'0:09.438',0.025
'0:09.440',0.030
'0:09.442',0.030
'0:09.444',0.035
'0:09.446',0.045
'0:09.448',0.055
'0:09.450',0.065
'0:09.452',0.075
'0:09.454',0.085
'0:09.456',0.100
'0:09.458',0.105
'0:09.460',0.115
'0:09.462',0.115
'0:09.464',0.120
'0:09.466',0.120
'0:09.468',0.125
'0:09.470',0.130
'0:09.472',0.135
'0:09.474',0.140
'0:09.476',0.145
'0:09.478',0.150
'0:09.480',0.155
'0:09.482',0.155
'0:09.484',0.150
'0:09.486',0.145
'0:09.488',0.145
'0:09.490',0.140
'0:09.492',0.140
'0:09.494',0.145
'0:09.496',0.150
'0:09.498',0.160
'0:09.500',0.165
'0:09.502',0.170
'0:09.504',0.170
'0:09.506',0.165
'0:09.508',0.160
'0:09.510',0.145
'0:09.512',0.130
'0:09.514',0.115
'0:09.516',0.100
'0:09.518',0.085
'0:09.520',0.075
'0:09.522',0.070
'0:09.524',0.060
'0:09.526',0.055
'0:09.528',0.050
'0:09.530',0.045
'0:09.532',0.035
'0:09.534',0.030
'0:09.536',0.020
'0:09.538',0.015
'0:09.540',0.010
'0:09.542',0.005
'0:09.544',0.000
'0:09.546',-0.005
'0:09.548',-0.010
'0:09.550',-0.015
'0:09.552',-0.020
'0:09.554',-0.025
'0:09.556',-0.035
'0:09.558',-0.040
'0:09.560',-0.040
'0:09.562',-0.040
'0:09.564',-0.040
'0:09.566',-0.035
'0:09.568',-0.025
'0:09.570',-0.020
'0:09.572',-0.015
'0:09.574',-0.015
'0:09.576',-0.015
'0:09.578',-0.020
'0:09.580',-0.025
'0:09.582',-0.030
'0:09.584',-0.040
'0:09.586',-0.045
'0:09.588',-0.045
'0:09.590',-0.045
'0:09.592',-0.045
'0:09.594',-0.040
'0:09.596',-0.035
'0:09.598',-0.035
'0:09.600',-0.030
'0:09.602',-0.025
'0:09.604',-0.025
'0:09.606',-0.025
'0:09.608',-0.020
'0:09.610',-0.020
'0:09.612',-0.025
'0:09.614',-0.025
'0:09.616',-0.025
'0:09.618',-0.030
'0:09.620',-0.035
'0:09.622',-0.035
'0:09.624',-0.040
'0:09.626',-0.040
'0:09.628',-0.040
'0:09.630',-0.035
'0:09.632',-0.035
'0:09.634',-0.030
'0:09.636',-0.030
'0:09.638',-0.025
'0:09.640',-0.030
'0:09.642',-0.030
'0:09.644',-0.035
'0:09.646',-0.035
'0:09.648',-0.035
'0:09.650',-0.035
'0:09.652',-0.030
'0:09.654',-0.030
'0:09.656',-0.025
'0:09.658',-0.020
'0:09.660',-0.015
'0:09.662',-0.015
'0:09.664',-0.015
'0:09.666',-0.015
'0:09.668',-0.015
'0:09.670',-0.015
'0:09.672',-0.015
'0:09.674',-0.010
'0:09.676',-0.010
'0:09.678',-0.010
'0:09.680',-0.010
'0:09.682',-0.015
'0:09.684',-0.020
'0:09.686',-0.025
'0:09.688',-0.030
'0:09.690',-0.035
'0:09.692',-0.035
'0:09.694',-0.035
'0:09.696',-0.030
'0:09.698',-0.025
'0:09.700',-0.020
'0:09.702',-0.020
'0:09.704',-0.020
'0:09.706',-0.025
'0:09.708',-0.030
'0:09.710',-0.040
'0:09.712',-0.040
'0:09.714',-0.045
'0:09.716',-0.040
'0:09.718',-0.035
'0:09.720',-0.025
'0:09.722',-0.015
'0:09.724',-0.010
'0:09.726',-0.005
'0:09.728',-0.005
'0:09.730',-0.010
'0:09.732',-0.020
'0:09.734',-0.025
'0:09.736',-0.035
'0:09.738',-0.040
'0:09.740',-0.040
'0:09.742',-0.040
'0:09.744',-0.035
'0:09.746',-0.025
'0:09.748',-0.025
'0:09.750',-0.025
'0:09.752',-0.025
'0:09.754',-0.030
'0:09.756',-0.040
'0:09.758',-0.050
'0:09.760',-0.055
'0:09.762',-0.060
'0:09.764',-0.060
'0:09.766',-0.050
'0:09.768',-0.040
'0:09.770',-0.030
'0:09.772',-0.020
'0:09.774',-0.015
'0:09.776',-0.010
'0:09.778',-0.015
'0:09.780',-0.020
'0:09.782',-0.030
'0:09.784',-0.035
'0:09.786',-0.040
'0:09.788',-0.045
'0:09.790',-0.045
'0:09.792',-0.040
'0:09.794',-0.035
'0:09.796',-0.030
'0:09.798',-0.030
'0:09.800',-0.030
'0:09.802',-0.035
'0:09.804',-0.040
'0:09.806',-0.040
'0:09.808',-0.040
'0:09.810',-0.040
'0:09.812',-0.030
'0:09.814',-0.025
'0:09.816',-0.020
'0:09.818',-0.015
'0:09.820',-0.015
'0:09.822',-0.020
'0:09.824',-0.030
'0:09.826',-0.040
'0:09.828',-0.050
'0:09.830',-0.055
'0:09.832',-0.055
'0:09.834',-0.050
'0:09.836',-0.040
'0:09.838',-0.025
'0:09.840',-0.010
'0:09.842',0.005
'0:09.844',0.010
'0:09.846',0.010
'0:09.848',0.010
'0:09.850',0.005
'0:09.852',0.005
'0:09.854',0.000
'0:09.856',0.000
'0:09.858',0.005
'0:09.860',0.015
'0:09.862',0.025
'0:09.864',0.035
'0:09.866',0.040
'0:09.868',0.040
'0:09.870',0.040
'0:09.872',0.035
'0:09.874',0.030
'0:09.876',0.020
'0:09.878',0.010
'0:09.880',0.005
'0:09.882',0.000
'0:09.884',-0.010
'0:09.886',-0.015
'0:09.888',-0.020
'0:09.890',-0.030
'0:09.892',-0.040
'0:09.894',-0.050
'0:09.896',-0.060
'0:09.898',-0.070
'0:09.900',-0.075
'0:09.902',-0.080
'0:09.904',-0.075
'0:09.906',-0.075
'0:09.908',-0.065
'0:09.910',-0.055
'0:09.912',-0.045
'0:09.914',-0.035
'0:09.916',-0.030
'0:09.918',-0.030
'0:09.920',-0.030
'0:09.922',-0.040
'0:09.924',-0.045
'0:09.926',-0.055
'0:09.928',-0.060
'0:09.930',-0.065
'0:09.932',-0.065
'0:09.934',-0.065
'0:09.936',-0.060
'0:09.938',-0.050
'0:09.940',-0.040
'0:09.942',-0.035
'0:09.944',-0.030
'0:09.946',-0.025
'0:09.948',-0.025
'0:09.950',-0.035
'0:09.952',-0.045
'0:09.954',-0.060
'0:09.956',-0.080
'0:09.958',-0.100
'0:09.960',-0.110
'0:09.962',-0.115
'0:09.964',-0.105
'0:09.966',-0.075
'0:09.968',-0.020
'0:09.970',0.055
'0:09.972',0.155
'0:09.974',0.260
'0:09.976',0.370
'0:09.978',0.460
'0:09.980',0.530
'0:09.982',0.560
'0:09.984',0.545
'0:09.986',0.485
'0:09.988',0.390
'0:09.990',0.270
'0:09.992',0.135
'0:09.994',0.005
'0:09.996',-0.110
'0:09.998',-0.190
'0:10.000',-0.240
'0:10.002',-0.255
'0:10.004',-0.240
'0:10.006',-0.210
'0:10.008',-0.160
'0:10.010',-0.115
'0:10.012',-0.075
'0:10.014',-0.045
'0:10.016',-0.030
'0:10.018',-0.030
'0:10.020',-0.035
'0:10.022',-0.045
'0:10.024',-0.060
'0:10.026',-0.070
'0:10.028',-0.075
'0:10.030',-0.080
'0:10.032',-0.080
'0:10.034',-0.075
'0:10.036',-0.070
'0:10.038',-0.065
'0:10.040',-0.060
'0:10.042',-0.060
'0:10.044',-0.060
'0:10.046',-0.060
'0:10.048',-0.060
'0:10.050',-0.060
'0:10.052',-0.060
'0:10.054',-0.060
'0:10.056',-0.060
'0:10.058',-0.060
'0:10.060',-0.060
'0:10.062',-0.065
'0:10.064',-0.065
'0:10.066',-0.065
'0:10.068',-0.065
'0:10.070',-0.065
'0:10.072',-0.060
'0:10.074',-0.055
'0:10.076',-0.050
'0:10.078',-0.045
'0:10.080',-0.040
'0:10.082',-0.035
'0:10.084',-0.035
'0:10.086',-0.035
'0:10.088',-0.040
'0:10.090',-0.040
'0:10.092',-0.045
'0:10.094',-0.045
'0:10.096',-0.045
'0:10.098',-0.050
'0:10.100',-0.045
'0:10.102',-0.045
'0:10.104',-0.045
'0:10.106',-0.045
'0:10.108',-0.045
'0:10.110',-0.040
'0:10.112',-0.040
'0:10.114',-0.035
'0:10.116',-0.035
'0:10.118',-0.030
'0:10.120',-0.030
'0:10.122',-0.030
'0:10.124',-0.035
'0:10.126',-0.035
'0:10.128',-0.040
'0:10.130',-0.035
'0:10.132',-0.035
'0:10.134',-0.025
'0:10.136',-0.015
'0:10.138',0.000
'0:10.140',0.010
'0:10.142',0.015
'0:10.144',0.020
'0:10.146',0.020
'0:10.148',0.015
'0:10.150',0.010
'0:10.152',0.005
'0:10.154',0.000
'0:10.156',0.000
'0:10.158',0.005
'0:10.160',0.015
'0:10.162',0.030
'0:10.164',0.040
'0:10.166',0.050
'0:10.168',0.055
'0:10.170',0.060
'0:10.172',0.055
'0:10.174',0.050
'0:10.176',0.040
'0:10.178',0.035
'0:10.180',0.035
'0:10.182',0.040
'0:10.184',0.045
'0:10.186',0.055
'0:10.188',0.070
'0:10.190',0.080
'0:10.192',0.095
'0:10.194',0.100
'0:10.196',0.110
'0:10.198',0.115
'0:10.200',0.120
'0:10.202',0.120
'0:10.204',0.125
'0:10.206',0.130
'0:10.208',0.135
'0:10.210',0.140
'0:10.212',0.145
'0:10.214',0.145
'0:10.216',0.150
'0:10.218',0.150
'0:10.220',0.155
'0:10.222',0.155
'0:10.224',0.160
'0:10.226',0.165
'0:10.228',0.165
'0:10.230',0.165
'0:10.232',0.165
'0:10.234',0.160
'0:10.236',0.155
'0:10.238',0.145
'0:10.240',0.130
'0:10.242',0.120
'0:10.244',0.110
'0:10.246',0.105
'0:10.248',0.100
'0:10.250',0.095
'0:10.252',0.090
'0:10.254',0.085
'0:10.256',0.080
'0:10.258',0.075
'0:10.260',0.065
'0:10.262',0.055
'0:10.264',0.045
'0:10.266',0.035
'0:10.268',0.025
'0:10.270',0.015
'0:10.272',0.010
'0:10.274',0.005
'0:10.276',0.000
'0:10.278',-0.005
'0:10.280',-0.005
'0:10.282',-0.010
'0:10.284',-0.010
'0:10.286',-0.015
'0:10.288',-0.020
'0:10.290',-0.020
'0:10.292',-0.020
'0:10.294',-0.025
'0:10.296',-0.025
'0:10.298',-0.030
'0:10.300',-0.030
'0:10.302',-0.035
'0:10.304',-0.040
'0:10.306',-0.040
'0:10.308',-0.045
'0:10.310',-0.045
'0:10.312',-0.045
'0:10.314',-0.045
'0:10.316',-0.040
'0:10.318',-0.040
'0:10.320',-0.035
'0:10.322',-0.030
'0:10.324',-0.030
'0:10.326',-0.030
'0:10.328',-0.030
'0:10.330',-0.035
'0:10.332',-0.035
'0:10.334',-0.035
'0:10.336',-0.035
'0:10.338',-0.035
'0:10.340',-0.035
'0:10.342',-0.035
'0:10.344',-0.040
'0:10.346',-0.040
'0:10.348',-0.045
'0:10.350',-0.050
'0:10.352',-0.050
'0:10.354',-0.055
'0:10.356',-0.050
'0:10.358',-0.050
'0:10.360',-0.045
'0:10.362',-0.035
'0:10.364',-0.030
'0:10.366',-0.025
'0:10.368',-0.025
'0:10.370',-0.030
'0:10.372',-0.035
'0:10.374',-0.040
'0:10.376',-0.045
'0:10.378',-0.050
'0:10.380',-0.050
'0:10.382',-0.045
'0:10.384',-0.040
'0:10.386',-0.035
'0:10.388',-0.030
'0:10.390',-0.025
'0:10.392',-0.030
'0:10.394',-0.035
'0:10.396',-0.040
'0:10.398',-0.045
'0:10.400',-0.045
'0:10.402',-0.045
'0:10.404',-0.040
'0:10.406',-0.030
'0:10.408',-0.015
'0:10.410',-0.005
'0:10.412',0.005
'0:10.414',0.005
'0:10.416',0.000
'0:10.418',-0.010
'0:10.420',-0.020
'0:10.422',-0.035
'0:10.424',-0.045
'0:10.426',-0.050
'0:10.428',-0.050
'0:10.430',-0.045
'0:10.432',-0.040
'0:10.434',-0.030
'0:10.436',-0.025
'0:10.438',-0.020
'0:10.440',-0.020
'0:10.442',-0.020
'0:10.444',-0.030
'0:10.446',-0.035
'0:10.448',-0.035
'0:10.450',-0.040
'0:10.452',-0.040
'0:10.454',-0.035
'0:10.456',-0.035
'0:10.458',-0.030
'0:10.460',-0.030
'0:10.462',-0.030
'0:10.464',-0.030
'0:10.466',-0.030
'0:10.468',-0.030
'0:10.470',-0.035
'0:10.472',-0.030
'0:10.474',-0.030
'0:10.476',-0.025
'0:10.478',-0.025
'0:10.480',-0.025
'0:10.482',-0.025
'0:10.484',-0.025
'0:10.486',-0.030
'0:10.488',-0.035
'0:10.490',-0.040
'0:10.492',-0.045
'0:10.494',-0.045
'0:10.496',-0.040
'0:10.498',-0.035
'0:10.500',-0.030
'0:10.502',-0.025
'0:10.504',-0.015
'0:10.506',-0.015
'0:10.508',-0.015
'0:10.510',-0.015
'0:10.512',-0.025
'0:10.514',-0.035
'0:10.516',-0.045
'0:10.518',-0.055
'0:10.520',-0.065
'0:10.522',-0.065
'0:10.524',-0.065
'0:10.526',-0.055
'0:10.528',-0.040
'0:10.530',-0.025
'0:10.532',-0.010
'0:10.534',0.000
'0:10.536',0.010
'0:10.538',0.010
'0:10.540',0.010
'0:10.542',0.005
'0:10.544',-0.005
'0:10.546',-0.010
'0:10.548',-0.015
'0:10.550',-0.020
'0:10.552',-0.020
'0:10.554',-0.020
'0:10.556',-0.015
'0:10.558',-0.015
'0:10.560',-0.010
'0:10.562',-0.005
'0:10.564',0.000
'0:10.566',0.005
'0:10.568',0.010
'0:10.570',0.020
'0:10.572',0.025
'0:10.574',0.030
'0:10.576',0.035
'0:10.578',0.035
'0:10.580',0.035
'0:10.582',0.030
'0:10.584',0.025
'0:10.586',0.020
'0:10.588',0.015
'0:10.590',0.010
'0:10.592',0.005
'0:10.594',0.005
'0:10.596',0.000
'0:10.598',-0.010
'0:10.600',-0.015
'0:10.602',-0.025
'0:10.604',-0.035
'0:10.606',-0.045
'0:10.608',-0.050
'0:10.610',-0.055
'0:10.612',-0.055
'0:10.614',-0.050
'0:10.616',-0.045
'0:10.618',-0.035
'0:10.620',-0.030
'0:10.622',-0.025
'0:10.624',-0.025
'0:10.626',-0.030
'0:10.628',-0.035
'0:10.630',-0.040
'0:10.632',-0.040
'0:10.634',-0.040
'0:10.636',-0.040
'0:10.638',-0.035
'0:10.640',-0.035
'0:10.642',-0.030
'0:10.644',-0.030
'0:10.646',-0.035
'0:10.648',-0.035
'0:10.650',-0.040
'0:10.652',-0.040
'0:10.654',-0.040
'0:10.656',-0.040
'0:10.658',-0.035
'0:10.660',-0.035
'0:10.662',-0.035
'0:10.664',-0.045
'0:10.666',-0.055
'0:10.668',-0.070
'0:10.670',-0.080
'0:10.672',-0.090
'0:10.674',-0.085
'0:10.676',-0.060
'0:10.678',-0.010
'0:10.680',0.055
'0:10.682',0.145
'0:10.684',0.250
'0:10.686',0.350
'0:10.688',0.445
'0:10.690',0.515
'0:10.692',0.550
'0:10.694',0.545
'0:10.696',0.495
'0:10.698',0.410
'0:10.700',0.295
'0:10.702',0.165
'0:10.704',0.030
'0:10.706',-0.085
'0:10.708',-0.175
'0:10.710',-0.230
'0:10.712',-0.250
'0:10.714',-0.235
'0:10.716',-0.195
'0:10.718',-0.140
'0:10.720',-0.085
'0:10.722',-0.040
'0:10.724',-0.005
'0:10.726',0.010
'0:10.728',0.005
'0:10.730',-0.005
'0:10.732',-0.025
'0:10.734',-0.050
'0:10.736',-0.065
'0:10.738',-0.070
'0:10.740',-0.070
'0:10.742',-0.065
'0:10.744',-0.055
'0:10.746',-0.045
'0:10.748',-0.035
'0:10.750',-0.030
'0:10.752',-0.025
'0:10.754',-0.030
'0:10.756',-0.030
'0:10.758',-0.035
'0:10.760',-0.040
'0:10.762',-0.040
'0:10.764',-0.045
'0:10.766',-0.045
'0:10.768',-0.045
'0:10.770',-0.045
'0:10.772',-0.045
'0:10.774',-0.045
'0:10.776',-0.045
'0:10.778',-0.045
'0:10.780',-0.045
'0:10.782',-0.045
'0:10.784',-0.045
'0:10.786',-0.045
'0:10.788',-0.045
'0:10.790',-0.045
'0:10.792',-0.045
'0:10.794',-0.045
'0:10.796',-0.045
'0:10.798',-0.045
'0:10.800',-0.040
'0:10.802',-0.035
'0:10.804',-0.030
'0:10.806',-0.025
'0:10.808',-0.020
'0:10.810',-0.015
'0:10.812',-0.015
'0:10.814',-0.010
'0:10.816',-0.010
'0:10.818',-0.015
'0:10.820',-0.015
'0:10.822',-0.020
'0:10.824',-0.025
'0:10.826',-0.025
'0:10.828',-0.025
'0:10.830',-0.020
'0:10.832',-0.020
'0:10.834',-0.015
'0:10.836',-0.010
'0:10.838',-0.010
'0:10.840',-0.005
'0:10.842',-0.005
'0:10.844',-0.005
'0:10.846',-0.005
'0:10.848',-0.005
'0:10.850',0.000
'0:10.852',0.005
'0:10.854',0.010
'0:10.856',0.015
'0:10.858',0.015
'0:10.860',0.020
'0:10.862',0.020
'0:10.864',0.025
'0:10.866',0.020
'0:10.868',0.020
'0:10.870',0.020
'0:10.872',0.020
'0:10.874',0.025
'0:10.876',0.025
'0:10.878',0.030
'0:10.880',0.035
'0:10.882',0.035
'0:10.884',0.035
'0:10.886',0.035
'0:10.888',0.040
'0:10.890',0.040
'0:10.892',0.045
'0:10.894',0.055
'0:10.896',0.065
'0:10.898',0.080
'0:10.900',0.095
'0:10.902',0.110
'0:10.904',0.125
'0:10.906',0.135
'0:10.908',0.140
'0:10.910',0.140
'0:10.912',0.140
'0:10.914',0.135
'0:10.916',0.135
'0:10.918',0.135
'0:10.920',0.140
'0:10.922',0.140
'0:10.924',0.150
'0:10.926',0.155
'0:10.928',0.155
'0:10.930',0.160
'0:10.932',0.160
'0:10.934',0.165
'0:10.936',0.165
'0:10.938',0.165
'0:10.940',0.170
'0:10.942',0.170
'0:10.944',0.175
'0:10.946',0.175
'0:10.948',0.175
'0:10.950',0.170
'0:10.952',0.165
'0:10.954',0.155
'0:10.956',0.145
'0:10.958',0.130
'0:10.960',0.120
'0:10.962',0.105
'0:10.964',0.095
'0:10.966',0.085
'0:10.968',0.080
'0:10.970',0.065
'0:10.972',0.055
'0:10.974',0.040
'0:10.976',0.030
'0:10.978',0.015
'0:10.980',0.005
'0:10.982',-0.005
'0:10.984',-0.010
'0:10.986',-0.010
'0:10.988',-0.010
'0:10.990',-0.005
'0:10.992',0.000
'0:10.994',0.000
'0:10.996',0.000
'0:10.998',0.000
'0:11.000',-0.005
'0:11.002',-0.010
'0:11.004',-0.015
'0:11.006',-0.020
'0:11.008',-0.025
'0:11.010',-0.030
'0:11.012',-0.030
'0:11.014',-0.030
'0:11.016',-0.025
'0:11.018',-0.025
'0:11.020',-0.020
'0:11.022',-0.020
'0:11.024',-0.020
'0:11.026',-0.020
'0:11.028',-0.020
'0:11.030',-0.025
'0:11.032',-0.030
'0:11.034',-0.035
'0:11.036',-0.040
'0:11.038',-0.045
'0:11.040',-0.045
'0:11.042',-0.040
'0:11.044',-0.035
'0:11.046',-0.030
'0:11.048',-0.020
'0:11.050',-0.015
'0:11.052',-0.010
'0:11.054',-0.010
'0:11.056',-0.015
'0:11.058',-0.020
'0:11.060',-0.025
'0:11.062',-0.030
'0:11.064',-0.035
'0:11.066',-0.040
'0:11.068',-0.040
'0:11.070',-0.040
'0:11.072',-0.040
'0:11.074',-0.045
'0:11.076',-0.045
'0:11.078',-0.045
'0:11.080',-0.045
'0:11.082',-0.045
'0:11.084',-0.045
'0:11.086',-0.040
'0:11.088',-0.035
'0:11.090',-0.030
'0:11.092',-0.025
'0:11.094',-0.020
'0:11.096',-0.020
'0:11.098',-0.020
'0:11.100',-0.020
'0:11.102',-0.025
'0:11.104',-0.025
'0:11.106',-0.030
'0:11.108',-0.030
'0:11.110',-0.025
'0:11.112',-0.025
'0:11.114',-0.020
'0:11.116',-0.015
'0:11.118',-0.015
'0:11.120',-0.015
'0:11.122',-0.015
'0:11.124',-0.015
'0:11.126',-0.015
'0:11.128',-0.020
'0:11.130',-0.020
'0:11.132',-0.020
'0:11.134',-0.025
'0:11.136',-0.030
'0:11.138',-0.030
'0:11.140',-0.035
'0:11.142',-0.035
'0:11.144',-0.040
'0:11.146',-0.035
'0:11.148',-0.030
'0:11.150',-0.025
'0:11.152',-0.020
'0:11.154',-0.010
'0:11.156',-0.005
'0:11.158',-0.005
'0:11.160',-0.010
'0:11.162',-0.020
'0:11.164',-0.030
'0:11.166',-0.040
'0:11.168',-0.050
'0:11.170',-0.055
'0:11.172',-0.050
'0:11.174',-0.050
'0:11.176',-0.040
'0:11.178',-0.035
'0:11.180',-0.030
'0:11.182',-0.025
'0:11.184',-0.025
'0:11.186',-0.030
'0:11.188',-0.035
'0:11.190',-0.035
'0:11.192',-0.040
'0:11.194',-0.040
'0:11.196',-0.040
'0:11.198',-0.040
'0:11.200',-0.040
'0:11.202',-0.040
'0:11.204',-0.040
'0:11.206',-0.045
'0:11.208',-0.050
'0:11.210',-0.050
'0:11.212',-0.050
'0:11.214',-0.050
'0:11.216',-0.045
'0:11.218',-0.035
'0:11.220',-0.025
'0:11.222',-0.020
'0:11.224',-0.015
'0:11.226',-0.010
'0:11.228',-0.010
'0:11.230',-0.015
'0:11.232',-0.020
'0:11.234',-0.020
'0:11.236',-0.020
'0:11.238',-0.020
'0:11.240',-0.015
'0:11.242',-0.010
'0:11.244',-0.005
'0:11.246',-0.005
'0:11.248',-0.010
'0:11.250',-0.015
'0:11.252',-0.025
'0:11.254',-0.035
'0:11.256',-0.040
'0:11.258',-0.045
'0:11.260',-0.050
'0:11.262',-0.045
'0:11.264',-0.035
'0:11.266',-0.025
'0:11.268',-0.015
'0:11.270',-0.005
'0:11.272',-0.005
'0:11.274',-0.005
'0:11.276',-0.010
'0:11.278',-0.015
'0:11.280',-0.020
'0:11.282',-0.025
'0:11.284',-0.020
'0:11.286',-0.015
'0:11.288',0.000
'0:11.290',0.015
'0:11.292',0.025
'0:11.294',0.040
'0:11.296',0.045
'0:11.298',0.050
'0:11.300',0.050
'0:11.302',0.045
'0:11.304',0.040
'0:11.306',0.035
'0:11.308',0.035
'0:11.310',0.030
'0:11.312',0.035
'0:11.314',0.035
'0:11.316',0.035
'0:11.318',0.030
'0:11.320',0.025
'0:11.322',0.015
'0:11.324',0.005
'0:11.326',-0.005
'0:11.328',-0.020
'0:11.330',-0.030
'0:11.332',-0.035
'0:11.334',-0.045
'0:11.336',-0.050
'0:11.338',-0.050
'0:11.340',-0.050
'0:11.342',-0.050
'0:11.344',-0.050
'0:11.346',-0.050
'0:11.348',-0.045
'0:11.350',-0.040
'0:11.352',-0.040
'0:11.354',-0.035
'0:11.356',-0.030
'0:11.358',-0.030
'0:11.360',-0.030
'0:11.362',-0.030
'0:11.364',-0.030
'0:11.366',-0.035
'0:11.368',-0.045
'0:11.370',-0.050
'0:11.372',-0.055
'0:11.374',-0.060
'0:11.376',-0.065
'0:11.378',-0.060
'0:11.380',-0.055
'0:11.382',-0.050
'0:11.384',-0.040
'0:11.386',-0.035
'0:11.388',-0.035
'0:11.390',-0.040
'0:11.392',-0.055
'0:11.394',-0.075
'0:11.396',-0.095
'0:11.398',-0.110
'0:11.400',-0.110
'0:11.402',-0.090
'0:11.404',-0.040
'0:11.406',0.035
'0:11.408',0.130
'0:11.410',0.250
'0:11.412',0.370
'0:11.414',0.480
'0:11.416',0.560
'0:11.418',0.610
'0:11.420',0.610
'0:11.422',0.565
'0:11.424',0.480
'0:11.426',0.365
'0:11.428',0.235
'0:11.430',0.105
'0:11.432',-0.010
'0:11.434',-0.095
'0:11.436',-0.150
'0:11.438',-0.175
'0:11.440',-0.170
'0:11.442',-0.145
'0:11.444',-0.110
'0:11.446',-0.075
'0:11.448',-0.045
'0:11.450',-0.025
'0:11.452',-0.020
'0:11.454',-0.020
'0:11.456',-0.025
'0:11.458',-0.035
'0:11.460',-0.050
'0:11.462',-0.055
'0:11.464',-0.065
'0:11.466',-0.065
'0:11.468',-0.065
'0:11.470',-0.065
'0:11.472',-0.065
'0:11.474',-0.065
'0:11.476',-0.065
'0:11.478',-0.070
'0:11.480',-0.070
'0:11.482',-0.070
'0:11.484',-0.070
'0:11.486',-0.070
'0:11.488',-0.065
'0:11.490',-0.060
'0:11.492',-0.050
'0:11.494',-0.045
'0:11.496',-0.040
'0:11.498',-0.035
'0:11.500',-0.035
'0:11.502',-0.035
'0:11.504',-0.035
'0:11.506',-0.040
'0:11.508',-0.040
'0:11.510',-0.045
'0:11.512',-0.045
'0:11.514',-0.045
'0:11.516',-0.045
'0:11.518',-0.040
'0:11.520',-0.035
'0:11.522',-0.035
'0:11.524',-0.030
'0:11.526',-0.030
'0:11.528',-0.030
'0:11.530',-0.030
'0:11.532',-0.030
'0:11.534',-0.030
'0:11.536',-0.025
'0:11.538',-0.025
'0:11.540',-0.020
'0:11.542',-0.020
'0:11.544',-0.020
'0:11.546',-0.020
'0:11.548',-0.025
'0:11.550',-0.025
'0:11.552',-0.030
'0:11.554',-0.030
'0:11.556',-0.030
'0:11.558',-0.030
'0:11.560',-0.025
'0:11.562',-0.015
'0:11.564',-0.010
'0:11.566',-0.005
'0:11.568',-0.005
'0:11.570',-0.010
'0:11.572',-0.015
'0:11.574',-0.020
'0:11.576',-0.030
'0:11.578',-0.035
'0:11.580',-0.035
'0:11.582',-0.035
'0:11.584',-0.025
'0:11.586',-0.015
'0:11.588',-0.005
'0:11.590',0.005
'0:11.592',0.015
'0:11.594',0.020
'0:11.596',0.020
'0:11.598',0.015
'0:11.600',0.010
'0:11.602',0.005
'0:11.604',0.005
'0:11.606',0.010
'0:11.608',0.015
'0:11.610',0.030
'0:11.612',0.045
'0:11.614',0.060
'0:11.616',0.070
'0:11.618',0.075
'0:11.620',0.080
'0:11.622',0.080
'0:11.624',0.075
'0:11.626',0.075
'0:11.628',0.075
'0:11.630',0.075
'0:11.632',0.080
'0:11.634',0.085
'0:11.636',0.095
'0:11.638',0.105
'0:11.640',0.115
'0:11.642',0.125
'0:11.644',0.130
'0:11.646',0.135
'0:11.648',0.140
'0:11.650',0.145
'0:11.652',0.145
'0:11.654',0.145
'0:11.656',0.145
'0:11.658',0.145
'0:11.660',0.150
'0:11.662',0.150
'0:11.664',0.150
'0:11.666',0.155
'0:11.668',0.155
'0:11.670',0.160
'0:11.672',0.160
'0:11.674',0.160
'0:11.676',0.155
'0:11.678',0.150
'0:11.680',0.140
'0:11.682',0.125
'0:11.684',0.110
'0:11.686',0.095
'0:11.688',0.080
'0:11.690',0.070
'0:11.692',0.065
'0:11.694',0.060
'0:11.696',0.055
'0:11.698',0.055
'0:11.700',0.050
'0:11.702',0.045
'0:11.704',0.035
'0:11.706',0.025
'0:11.708',0.010
'0:11.710',0.000
'0:11.712',-0.010
'0:11.714',-0.015
'0:11.716',-0.015
'0:11.718',-0.015
'0:11.720',-0.010
'0:11.722',-0.010
'0:11.724',-0.005
'0:11.726',-0.005
'0:11.728',-0.005
'0:11.730',-0.010
'0:11.732',-0.020
'0:11.734',-0.025
'0:11.736',-0.030
'0:11.738',-0.035
'0:11.740',-0.030
'0:11.742',-0.030
'0:11.744',-0.025
'0:11.746',-0.025
'0:11.748',-0.025
'0:11.750',-0.025
'0:11.752',-0.035
'0:11.754',-0.045
'0:11.756',-0.055
'0:11.758',-0.065
'0:11.760',-0.070
'0:11.762',-0.070
'0:11.764',-0.060
'0:11.766',-0.050
'0:11.768',-0.035
'0:11.770',-0.025
'0:11.772',-0.015
'0:11.774',-0.010
'0:11.776',-0.010
'0:11.778',-0.020
'0:11.780',-0.030
'0:11.782',-0.040
'0:11.784',-0.050
'0:11.786',-0.055
'0:11.788',-0.055
'0:11.790',-0.050
'0:11.792',-0.040
'0:11.794',-0.035
'0:11.796',-0.025
'0:11.798',-0.025
'0:11.800',-0.025
'0:11.802',-0.030
'0:11.804',-0.035
'0:11.806',-0.045
'0:11.808',-0.050
'0:11.810',-0.055
'0:11.812',-0.055
'0:11.814',-0.055
'0:11.816',-0.050
'0:11.818',-0.040
'0:11.820',-0.035
'0:11.822',-0.030
'0:11.824',-0.025
'0:11.826',-0.025
'0:11.828',-0.025
'0:11.830',-0.025
'0:11.832',-0.025
'0:11.834',-0.030
'0:11.836',-0.030
'0:11.838',-0.035
'0:11.840',-0.035
'0:11.842',-0.035
'0:11.844',-0.035
'0:11.846',-0.035
'0:11.848',-0.030
'0:11.850',-0.025
'0:11.852',-0.025
'0:11.854',-0.020
'0:11.856',-0.025
'0:11.858',-0.025
'0:11.860',-0.030
'0:11.862',-0.035
'0:11.864',-0.045
'0:11.866',-0.045
'0:11.868',-0.050
'0:11.870',-0.045
'0:11.872',-0.040
'0:11.874',-0.035
'0:11.876',-0.030
'0:11.878',-0.030
'0:11.880',-0.030
'0:11.882',-0.030
'0:11.884',-0.040
'0:11.886',-0.045
'0:11.888',-0.050
'0:11.890',-0.055
'0:11.892',-0.055
'0:11.894',-0.050
'0:11.896',-0.045
'0:11.898',-0.035
'0:11.900',-0.030
'0:11.902',-0.025
'0:11.904',-0.020
'0:11.906',-0.025
'0:11.908',-0.030
'0:11.910',-0.035
'0:11.912',-0.040
'0:11.914',-0.045
'0:11.916',-0.045
'0:11.918',-0.040
'0:11.920',-0.035
'0:11.922',-0.030
'0:11.924',-0.025
'0:11.926',-0.020
'0:11.928',-0.020
'0:11.930',-0.020
'0:11.932',-0.025
'0:11.934',-0.030
'0:11.936',-0.030
'0:11.938',-0.035
'0:11.940',-0.030
'0:11.942',-0.030
'0:11.944',-0.025
'0:11.946',-0.020
'0:11.948',-0.020
'0:11.950',-0.020
'0:11.952',-0.020
'0:11.954',-0.020
'0:11.956',-0.025
'0:11.958',-0.030
'0:11.960',-0.035
'0:11.962',-0.035
'0:11.964',-0.040
'0:11.966',-0.040
'0:11.968',-0.035
'0:11.970',-0.035
'0:11.972',-0.035
'0:11.974',-0.035
'0:11.976',-0.040
'0:11.978',-0.045
'0:11.980',-0.050
'0:11.982',-0.055
'0:11.984',-0.055
'0:11.986',-0.055
'0:11.988',-0.055
'0:11.990',-0.045
'0:11.992',-0.040
'0:11.994',-0.030
'0:11.996',-0.025
'0:11.998',-0.020
'0:12.000',-0.020
'0:12.002',-0.020
'0:12.004',-0.025
'0:12.006',-0.030
'0:12.008',-0.030
'0:12.010',-0.030
'0:12.012',-0.030
'0:12.014',-0.025
'0:12.016',-0.020
'0:12.018',-0.015
'0:12.020',-0.010
'0:12.022',-0.010
'0:12.024',-0.010
'0:12.026',-0.015
'0:12.028',-0.020
'0:12.030',-0.025
'0:12.032',-0.030
'0:12.034',-0.035
'0:12.036',-0.035
'0:12.038',-0.035
'0:12.040',-0.035
'0:12.042',-0.035
'0:12.044',-0.030
'0:12.046',-0.025
'0:12.048',-0.025
'0:12.050',-0.020
'0:12.052',-0.020
'0:12.054',-0.020
'0:12.056',-0.015
'0:12.058',-0.010
'0:12.060',-0.010
'0:12.062',-0.005
'0:12.064',0.000
'0:12.066',0.000
'0:12.068',0.000
'0:12.070',0.000
'0:12.072',0.000
'0:12.074',0.000
'0:12.076',0.000
'0:12.078',0.000
'0:12.080',0.005
'0:12.082',0.015
'0:12.084',0.025
'0:12.086',0.035
'0:12.088',0.040
'0:12.090',0.050
'0:12.092',0.050
'0:12.094',0.050
'0:12.096',0.040
'0:12.098',0.035
'0:12.100',0.020
'0:12.102',0.010
'0:12.104',0.000
'0:12.106',-0.010
'0:12.108',-0.015
'0:12.110',-0.020
'0:12.112',-0.025
'0:12.114',-0.030
'0:12.116',-0.035
'0:12.118',-0.040
'0:12.120',-0.045
'0:12.122',-0.050
'0:12.124',-0.055
'0:12.126',-0.055
'0:12.128',-0.055
'0:12.130',-0.055
'0:12.132',-0.050
'0:12.134',-0.040
'0:12.136',-0.035
'0:12.138',-0.030
'0:12.140',-0.025
'0:12.142',-0.025
'0:12.144',-0.030
'0:12.146',-0.030
'0:12.148',-0.035
'0:12.150',-0.040
'0:12.152',-0.045
'0:12.154',-0.050
'0:12.156',-0.050
'0:12.158',-0.050
'0:12.160',-0.050
'0:12.162',-0.050
'0:12.164',-0.050
'0:12.166',-0.050
'0:12.168',-0.050
'0:12.170',-0.055
'0:12.172',-0.065
'0:12.174',-0.075
'0:12.176',-0.090
'0:12.178',-0.105
'0:12.180',-0.120
'0:12.182',-0.130
'0:12.184',-0.125
'0:12.186',-0.105
'0:12.188',-0.060
'0:12.190',0.010
'0:12.192',0.105
'0:12.194',0.220
'0:12.196',0.335
'0:12.198',0.450
'0:12.200',0.545
'0:12.202',0.605
'0:12.204',0.625
'0:12.206',0.595
'0:12.208',0.530
'0:12.210',0.425
'0:12.212',0.305
'0:12.214',0.175
'0:12.216',0.055
'0:12.218',-0.040
'0:12.220',-0.110
'0:12.222',-0.145
'0:12.224',-0.155
'0:12.226',-0.145
'0:12.228',-0.125
'0:12.230',-0.095
'0:12.232',-0.070
'0:12.234',-0.055
'0:12.236',-0.045
'0:12.238',-0.040
'0:12.240',-0.040
'0:12.242',-0.040
'0:12.244',-0.045
'0:12.246',-0.040
'0:12.248',-0.040
'0:12.250',-0.035
'0:12.252',-0.035
'0:12.254',-0.035
'0:12.256',-0.035
'0:12.258',-0.040
'0:12.260',-0.045
'0:12.262',-0.050
'0:12.264',-0.055
'0:12.266',-0.060
'0:12.268',-0.060
'0:12.270',-0.060
'0:12.272',-0.060
'0:12.274',-0.055
'0:12.276',-0.055
'0:12.278',-0.055
'0:12.280',-0.055
'0:12.282',-0.055
'0:12.284',-0.055
'0:12.286',-0.055
'0:12.288',-0.055
'0:12.290',-0.050
'0:12.292',-0.050
'0:12.294',-0.050
'0:12.296',-0.055
'0:12.298',-0.060
'0:12.300',-0.065
'0:12.302',-0.070
'0:12.304',-0.080
'0:12.306',-0.080
'0:12.308',-0.080
'0:12.310',-0.070
'0:12.312',-0.060
'0:12.314',-0.045
'0:12.316',-0.030
'0:12.318',-0.020
'0:12.320',-0.015
'0:12.322',-0.010
'0:12.324',-0.015
'0:12.326',-0.020
'0:12.328',-0.030
'0:12.330',-0.035
'0:12.332',-0.040
'0:12.334',-0.040
'0:12.336',-0.035
'0:12.338',-0.030
'0:12.340',-0.025
'0:12.342',-0.020
'0:12.344',-0.020
'0:12.346',-0.020
'0:12.348',-0.025
'0:12.350',-0.030
'0:12.352',-0.035
'0:12.354',-0.035
'0:12.356',-0.035
'0:12.358',-0.030
'0:12.360',-0.030
'0:12.362',-0.020
'0:12.364',-0.015
'0:12.366',-0.010
'0:12.368',-0.010
'0:12.370',-0.005
'0:12.372',-0.005
'0:12.374',-0.005
'0:12.376',0.000
'0:12.378',0.005
'0:12.380',0.010
'0:12.382',0.015
'0:12.384',0.015
'0:12.386',0.020
'0:12.388',0.025
'0:12.390',0.025
'0:12.392',0.025
'0:12.394',0.030
'0:12.396',0.030
'0:12.398',0.035
'0:12.400',0.045
'0:12.402',0.055
'0:12.404',0.065
'0:12.406',0.070
'0:12.408',0.080
'0:12.410',0.085
'0:12.412',0.085
'0:12.414',0.085
'0:12.416',0.085
'0:12.418',0.090
'0:12.420',0.095
'0:12.422',0.100
'0:12.424',0.110
'0:12.426',0.120
'0:12.428',0.125
'0:12.430',0.135
'0:12.432',0.140
'0:12.434',0.140
'0:12.436',0.140
'0:12.438',0.135
'0:12.440',0.135
'0:12.442',0.135
'0:12.444',0.135
'0:12.446',0.145
'0:12.448',0.150
'0:12.450',0.160
'0:12.452',0.170
'0:12.454',0.180
'0:12.456',0.185
'0:12.458',0.185
'0:12.460',0.180
'0:12.462',0.175
'0:12.464',0.170
'0:12.466',0.155
'0:12.468',0.145
'0:12.470',0.135
'0:12.472',0.120
'0:12.474',0.110
'0:12.476',0.095
'0:12.478',0.085
'0:12.480',0.075
'0:12.482',0.070
'0:12.484',0.060
'0:12.486',0.050
'0:12.488',0.045
'0:12.490',0.035
'0:12.492',0.025
'0:12.494',0.020
'0:12.496',0.010
'0:12.498',0.005
'0:12.500',0.000
'0:12.502',-0.005
'0:12.504',-0.005
'0:12.506',-0.005
'0:12.508',-0.010
'0:12.510',-0.010
'0:12.512',-0.010
'0:12.514',-0.015
'0:12.516',-0.015
'0:12.518',-0.020
'0:12.520',-0.020
'0:12.522',-0.025
'0:12.524',-0.025
'0:12.526',-0.025
'0:12.528',-0.020
'0:12.530',-0.020
'0:12.532',-0.015
'0:12.534',-0.015
'0:12.536',-0.015
'0:12.538',-0.020
'0:12.540',-0.020
'0:12.542',-0.025
'0:12.544',-0.030
'0:12.546',-0.030
'0:12.548',-0.030
'0:12.550',-0.030
'0:12.552',-0.030
'0:12.554',-0.030
'0:12.556',-0.025
'0:12.558',-0.025
'0:12.560',-0.025
'0:12.562',-0.025
'0:12.564',-0.025
'0:12.566',-0.025
'0:12.568',-0.030
'0:12.570',-0.030
'0:12.572',-0.030
'0:12.574',-0.030
'0:12.576',-0.035
'0:12.578',-0.035
'0:12.580',-0.040
'0:12.582',-0.040
'0:12.584',-0.040
'0:12.586',-0.040
'0:12.588',-0.035
'0:12.590',-0.030
'0:12.592',-0.020
'0:12.594',-0.015
'0:12.596',-0.010
'0:12.598',-0.010
'0:12.600',-0.015
'0:12.602',-0.020
'0:12.604',-0.030
'0:12.606',-0.040
'0:12.608',-0.050
'0:12.610',-0.055
'0:12.612',-0.055
'0:12.614',-0.050
'0:12.616',-0.040
'0:12.618',-0.025
'0:12.620',-0.010
'0:12.622',0.000
'0:12.624',0.010
'0:12.626',0.015
'0:12.628',0.015
'0:12.630',0.010
'0:12.632',0.005
'0:12.634',0.000
'0:12.636',-0.005
'0:12.638',-0.015
'0:12.640',-0.020
'0:12.642',-0.025
'0:12.644',-0.025
'0:12.646',-0.030
'0:12.648',-0.030
'0:12.650',-0.030
'0:12.652',-0.030
'0:12.654',-0.025
'0:12.656',-0.020
'0:12.658',-0.015
'0:12.660',-0.010
'0:12.662',-0.010
'0:12.664',-0.005
'0:12.666',-0.005
'0:12.668',-0.005
'0:12.670',-0.005
'0:12.672',-0.005
'0:12.674',-0.005
'0:12.676',-0.005
'0:12.678',0.000
'0:12.680',0.000
'0:12.682',0.000
'0:12.684',0.000
'0:12.686',-0.005
'0:12.688',-0.015
'0:12.690',-0.020
'0:12.692',-0.030
'0:12.694',-0.040
'0:12.696',-0.040
'0:12.698',-0.040
'0:12.700',-0.035
'0:12.702',-0.025
'0:12.704',-0.015
'0:12.706',-0.010
'0:12.708',0.000
'0:12.710',0.000
'0:12.712',-0.005
'0:12.714',-0.010
'0:12.716',-0.020
'0:12.718',-0.030
'0:12.720',-0.035
'0:12.722',-0.040
'0:12.724',-0.040
'0:12.726',-0.035
'0:12.728',-0.025
'0:12.730',-0.020
'0:12.732',-0.015
'0:12.734',-0.015
'0:12.736',-0.020
'0:12.738',-0.030
'0:12.740',-0.040
'0:12.742',-0.055
'0:12.744',-0.065
'0:12.746',-0.070
'0:12.748',-0.065
'0:12.750',-0.060
'0:12.752',-0.045
'0:12.754',-0.025
'0:12.756',-0.010
'0:12.758',0.010
'0:12.760',0.020
'0:12.762',0.030
'0:12.764',0.025
'0:12.766',0.020
'0:12.768',0.010
'0:12.770',0.000
'0:12.772',-0.015
'0:12.774',-0.025
'0:12.776',-0.035
'0:12.778',-0.040
'0:12.780',-0.040
'0:12.782',-0.040
'0:12.784',-0.035
'0:12.786',-0.030
'0:12.788',-0.030
'0:12.790',-0.030
'0:12.792',-0.030
'0:12.794',-0.030
'0:12.796',-0.030
'0:12.798',-0.030
'0:12.800',-0.030
'0:12.802',-0.025
'0:12.804',-0.020
'0:12.806',-0.015
'0:12.808',-0.010
'0:12.810',-0.005
'0:12.812',0.000
'0:12.814',0.000
'0:12.816',-0.005
'0:12.818',-0.010
'0:12.820',-0.015
'0:12.822',-0.025
'0:12.824',-0.030
'0:12.826',-0.035
'0:12.828',-0.035
'0:12.830',-0.035
'0:12.832',-0.030
'0:12.834',-0.025
'0:12.836',-0.025
'0:12.838',-0.030
'0:12.840',-0.035
'0:12.842',-0.040
'0:12.844',-0.050
'0:12.846',-0.055
'0:12.848',-0.060
'0:12.850',-0.060
'0:12.852',-0.055
'0:12.854',-0.040
'0:12.856',-0.030
'0:12.858',-0.015
'0:12.860',-0.005
'0:12.862',0.005
'0:12.864',0.005
'0:12.866',0.005
'0:12.868',-0.005
'0:12.870',-0.010
'0:12.872',-0.020
'0:12.874',-0.030
'0:12.876',-0.035
'0:12.878',-0.040
'0:12.880',-0.040
'0:12.882',-0.035
'0:12.884',-0.035
'0:12.886',-0.030
'0:12.888',-0.025
'0:12.890',-0.025
'0:12.892',-0.025
'0:12.894',-0.025
'0:12.896',-0.020
'0:12.898',-0.020
'0:12.900',-0.015
'0:12.902',-0.005
'0:12.904',0.000
'0:12.906',0.010
'0:12.908',0.015
'0:12.910',0.020
'0:12.912',0.020
'0:12.914',0.020
'0:12.916',0.020
'0:12.918',0.015
'0:12.920',0.010
'0:12.922',0.010
'0:12.924',0.010
'0:12.926',0.015
'0:12.928',0.025
'0:12.930',0.035
'0:12.932',0.045
'0:12.934',0.055
'0:12.936',0.060
'0:12.938',0.060
'0:12.940',0.050
'0:12.942',0.040
'0:12.944',0.025
'0:12.946',0.005
'0:12.948',-0.015
'0:12.950',-0.030
'0:12.952',-0.040
'0:12.954',-0.045
'0:12.956',-0.045
'0:12.958',-0.040
'0:12.960',-0.030
'0:12.962',-0.025
'0:12.964',-0.015
'0:12.966',-0.015
'0:12.968',-0.020
'0:12.970',-0.025
'0:12.972',-0.040
'0:12.974',-0.055
'0:12.976',-0.070
'0:12.978',-0.085
'0:12.980',-0.090
'0:12.982',-0.085
'0:12.984',-0.080
'0:12.986',-0.065
'0:12.988',-0.045
'0:12.990',-0.030
'0:12.992',-0.015
'0:12.994',-0.005
'0:12.996',0.000
'0:12.998',-0.005
'0:13.000',-0.010
'0:13.002',-0.020
'0:13.004',-0.030
'0:13.006',-0.035
'0:13.008',-0.035
'0:13.010',-0.030
'0:13.012',-0.025
'0:13.014',-0.025
'0:13.016',-0.030
'0:13.018',-0.040
'0:13.020',-0.055
'0:13.022',-0.080
'0:13.024',-0.100
'0:13.026',-0.110
'0:13.028',-0.105
'0:13.030',-0.075
'0:13.032',-0.015
'0:13.034',0.070
'0:13.036',0.180
'0:13.038',0.305
'0:13.040',0.425
'0:13.042',0.530
'0:13.044',0.600
'0:13.046',0.625
'0:13.048',0.610
'0:13.050',0.545
'0:13.052',0.450
'0:13.054',0.330
'0:13.056',0.200
'0:13.058',0.080
'0:13.060',-0.025
'0:13.062',-0.100
'0:13.064',-0.145
'0:13.066',-0.170
'0:13.068',-0.165
'0:13.070',-0.150
'0:13.072',-0.125
'0:13.074',-0.100
'0:13.076',-0.075
'0:13.078',-0.055
'0:13.080',-0.040
'0:13.082',-0.030
'0:13.084',-0.025
'0:13.086',-0.025
'0:13.088',-0.025
'0:13.090',-0.025
'0:13.092',-0.025
'0:13.094',-0.030
'0:13.096',-0.035
'0:13.098',-0.040
'0:13.100',-0.045
'0:13.102',-0.050
'0:13.104',-0.055
'0:13.106',-0.055
'0:13.108',-0.060
'0:13.110',-0.060
'0:13.112',-0.055
'0:13.114',-0.055
'0:13.116',-0.055
'0:13.118',-0.060
'0:13.120',-0.060
'0:13.122',-0.060
'0:13.124',-0.065
'0:13.126',-0.065
'0:13.128',-0.065
'0:13.130',-0.065
'0:13.132',-0.065
'0:13.134',-0.060
'0:13.136',-0.055
'0:13.138',-0.045
'0:13.140',-0.040
'0:13.142',-0.035
'0:13.144',-0.035
'0:13.146',-0.030
'0:13.148',-0.030
'0:13.150',-0.030
'0:13.152',-0.030
'0:13.154',-0.030
'0:13.156',-0.025
'0:13.158',-0.025
'0:13.160',-0.025
'0:13.162',-0.025
'0:13.164',-0.025
'0:13.166',-0.025
'0:13.168',-0.030
'0:13.170',-0.035
'0:13.172',-0.040
'0:13.174',-0.045
'0:13.176',-0.045
'0:13.178',-0.045
'0:13.180',-0.040
'0:13.182',-0.035
'0:13.184',-0.025
'0:13.186',-0.020
'0:13.188',-0.010
'0:13.190',-0.005
'0:13.192',-0.005
'0:13.194',-0.005
'0:13.196',-0.010
'0:13.198',-0.015
'0:13.200',-0.020
'0:13.202',-0.030
'0:13.204',-0.035
'0:13.206',-0.035
'0:13.208',-0.035
'0:13.210',-0.035
'0:13.212',-0.025
'0:13.214',-0.020
'0:13.216',-0.010
'0:13.218',0.000
'0:13.220',0.010
'0:13.222',0.020
'0:13.224',0.025
'0:13.226',0.030
'0:13.228',0.035
'0:13.230',0.035
'0:13.232',0.035
'0:13.234',0.030
'0:13.236',0.030
'0:13.238',0.025
'0:13.240',0.020
'0:13.242',0.015
'0:13.244',0.010
'0:13.246',0.010
'0:13.248',0.010
'0:13.250',0.020
'0:13.252',0.030
'0:13.254',0.045
'0:13.256',0.060
'0:13.258',0.080
'0:13.260',0.095
'0:13.262',0.110
'0:13.264',0.115
'0:13.266',0.120
'0:13.268',0.120
'0:13.270',0.120
'0:13.272',0.120
'0:13.274',0.125
'0:13.276',0.125
'0:13.278',0.135
'0:13.280',0.140
'0:13.282',0.150
'0:13.284',0.155
'0:13.286',0.160
'0:13.288',0.160
'0:13.290',0.160
'0:13.292',0.155
'0:13.294',0.155
'0:13.296',0.150
'0:13.298',0.155
'0:13.300',0.155
'0:13.302',0.160
'0:13.304',0.165
'0:13.306',0.160
'0:13.308',0.160
'0:13.310',0.150
'0:13.312',0.140
'0:13.314',0.125
'0:13.316',0.110
'0:13.318',0.100
'0:13.320',0.090
'0:13.322',0.085
'0:13.324',0.075
'0:13.326',0.070
'0:13.328',0.060
'0:13.330',0.050
'0:13.332',0.035
'0:13.334',0.015
'0:13.336',0.000
'0:13.338',-0.010
'0:13.340',-0.020
'0:13.342',-0.020
'0:13.344',-0.015
'0:13.346',-0.010
'0:13.348',0.000
'0:13.350',0.010
'0:13.352',0.010
'0:13.354',0.010
'0:13.356',0.000
'0:13.358',-0.010
'0:13.360',-0.025
'0:13.362',-0.035
'0:13.364',-0.045
'0:13.366',-0.045
'0:13.368',-0.045
'0:13.370',-0.035
'0:13.372',-0.030
'0:13.374',-0.025
'0:13.376',-0.020
'0:13.378',-0.025
'0:13.380',-0.030
'0:13.382',-0.040
'0:13.384',-0.045
'0:13.386',-0.050
'0:13.388',-0.050
'0:13.390',-0.050
'0:13.392',-0.040
'0:13.394',-0.030
'0:13.396',-0.025
'0:13.398',-0.020
'0:13.400',-0.020
'0:13.402',-0.025
'0:13.404',-0.040
'0:13.406',-0.050
'0:13.408',-0.065
'0:13.410',-0.070
'0:13.412',-0.070
'0:13.414',-0.065
'0:13.416',-0.050
'0:13.418',-0.035
'0:13.420',-0.020
'0:13.422',-0.005
'0:13.424',0.000
'0:13.426',0.000
'0:13.428',-0.005
'0:13.430',-0.015
'0:13.432',-0.025
'0:13.434',-0.035
'0:13.436',-0.050
'0:13.438',-0.055
'0:13.440',-0.060
'0:13.442',-0.060
'0:13.444',-0.060
'0:13.446',-0.060
'0:13.448',-0.055
'0:13.450',-0.055
'0:13.452',-0.055
'0:13.454',-0.050
'0:13.456',-0.050
'0:13.458',-0.045
'0:13.460',-0.040
'0:13.462',-0.030
'0:13.464',-0.025
'0:13.466',-0.020
'0:13.468',-0.015
'0:13.470',-0.015
'0:13.472',-0.015
'0:13.474',-0.020
'0:13.476',-0.025
'0:13.478',-0.025
'0:13.480',-0.030
'0:13.482',-0.025
'0:13.484',-0.025
'0:13.486',-0.020
'0:13.488',-0.015
'0:13.490',-0.010
'0:13.492',-0.010
'0:13.494',-0.015
'0:13.496',-0.020
'0:13.498',-0.030
'0:13.500',-0.040
'0:13.502',-0.055
'0:13.504',-0.060
'0:13.506',-0.065
'0:13.508',-0.065
'0:13.510',-0.060
'0:13.512',-0.050
'0:13.514',-0.035
'0:13.516',-0.025
'0:13.518',-0.010
'0:13.520',-0.005
'0:13.522',0.000
'0:13.524',0.000
'0:13.526',0.000
'0:13.528',-0.005
'0:13.530',-0.015
'0:13.532',-0.025
'0:13.534',-0.030
'0:13.536',-0.040
'0:13.538',-0.045
'0:13.540',-0.050
'0:13.542',-0.050
'0:13.544',-0.045
'0:13.546',-0.045
'0:13.548',-0.040
'0:13.550',-0.030
'0:13.552',-0.025
'0:13.554',-0.015
'0:13.556',-0.010
'0:13.558',-0.010
'0:13.560',-0.010
'0:13.562',-0.010
'0:13.564',-0.015
'0:13.566',-0.020
'0:13.568',-0.025
'0:13.570',-0.030
'0:13.572',-0.035
'0:13.574',-0.035
'0:13.576',-0.035
'0:13.578',-0.035
'0:13.580',-0.035
'0:13.582',-0.035
'0:13.584',-0.030
'0:13.586',-0.030
'0:13.588',-0.030
'0:13.590',-0.030
'0:13.592',-0.030
'0:13.594',-0.030
'0:13.596',-0.035
'0:13.598',-0.035
'0:13.600',-0.040
'0:13.602',-0.040
'0:13.604',-0.040
'0:13.606',-0.035
'0:13.608',-0.030
'0:13.610',-0.025
'0:13.612',-0.020
'0:13.614',-0.020
'0:13.616',-0.015
'0:13.618',-0.015
'0:13.620',-0.015
'0:13.622',-0.020
'0:13.624',-0.020
'0:13.626',-0.025
'0:13.628',-0.025
'0:13.630',-0.025
'0:13.632',-0.025
'0:13.634',-0.025
'0:13.636',-0.025
'0:13.638',-0.030
'0:13.640',-0.030
'0:13.642',-0.035
'0:13.644',-0.040
'0:13.646',-0.040
'0:13.648',-0.040
'0:13.650',-0.035
'0:13.652',-0.030
'0:13.654',-0.020
'0:13.656',-0.010
'0:13.658',-0.005
'0:13.660',0.000
'0:13.662',0.000
'0:13.664',-0.005
'0:13.666',-0.010
'0:13.668',-0.020
'0:13.670',-0.025
'0:13.672',-0.035
'0:13.674',-0.040
'0:13.676',-0.040
'0:13.678',-0.040
'0:13.680',-0.040
'0:13.682',-0.035
'0:13.684',-0.030
'0:13.686',-0.030
'0:13.688',-0.030
'0:13.690',-0.025
'0:13.692',-0.025
'0:13.694',-0.025
'0:13.696',-0.025
'0:13.698',-0.025
'0:13.700',-0.025
'0:13.702',-0.030
'0:13.704',-0.030
'0:13.706',-0.035
'0:13.708',-0.040
'0:13.710',-0.045
'0:13.712',-0.045
'0:13.714',-0.045
'0:13.716',-0.040
'0:13.718',-0.035
'0:13.720',-0.025
'0:13.722',-0.015
'0:13.724',-0.010
'0:13.726',-0.005
'0:13.728',-0.005
'0:13.730',-0.010
'0:13.732',-0.020
'0:13.734',-0.030
'0:13.736',-0.035
'0:13.738',-0.045
'0:13.740',-0.045
'0:13.742',-0.045
'0:13.744',-0.045
'0:13.746',-0.040
'0:13.748',-0.035
'0:13.750',-0.030
'0:13.752',-0.025
'0:13.754',-0.025
'0:13.756',-0.025
'0:13.758',-0.030
'0:13.760',-0.030
'0:13.762',-0.035
'0:13.764',-0.035
'0:13.766',-0.040
'0:13.768',-0.035
'0:13.770',-0.035
'0:13.772',-0.030
'0:13.774',-0.025
'0:13.776',-0.025
'0:13.778',-0.020
'0:13.780',-0.020
'0:13.782',-0.020
'0:13.784',-0.020
'0:13.786',-0.025
'0:13.788',-0.030
'0:13.790',-0.035
'0:13.792',-0.035
'0:13.794',-0.035
'0:13.796',-0.035
'0:13.798',-0.035
'0:13.800',-0.030
'0:13.802',-0.025
'0:13.804',-0.020
'0:13.806',-0.015
'0:13.808',-0.010
'0:13.810',-0.010
'0:13.812',-0.010
'0:13.814',-0.010
'0:13.816',-0.005
'0:13.818',-0.005
'0:13.820',0.000
'0:13.822',0.000
'0:13.824',0.005
'0:13.826',0.005
'0:13.828',0.005
'0:13.830',0.005
'0:13.832',0.005
'0:13.834',0.005
'0:13.836',0.005
'0:13.838',0.005
'0:13.840',0.010
'0:13.842',0.015
'0:13.844',0.020
'0:13.846',0.030
'0:13.848',0.035
'0:13.850',0.035
'0:13.852',0.035
'0:13.854',0.030
'0:13.856',0.020
'0:13.858',0.010
'0:13.860',-0.005
'0:13.862',-0.015
'0:13.864',-0.030
'0:13.866',-0.035
'0:13.868',-0.040
'0:13.870',-0.040
'0:13.872',-0.040
'0:13.874',-0.035
'0:13.876',-0.030
'0:13.878',-0.025
'0:13.880',-0.025
'0:13.882',-0.020
'0:13.884',-0.015
'0:13.886',-0.015
'0:13.888',-0.015
'0:13.890',-0.015
'0:13.892',-0.020
'0:13.894',-0.025
'0:13.896',-0.030
'0:13.898',-0.030
'0:13.900',-0.035
'0:13.902',-0.040
'0:13.904',-0.040
'0:13.906',-0.045
'0:13.908',-0.045
'0:13.910',-0.045
'0:13.912',-0.050
'0:13.914',-0.045
'0:13.916',-0.045
'0:13.918',-0.040
'0:13.920',-0.035
'0:13.922',-0.035
'0:13.924',-0.035
'0:13.926',-0.045
'0:13.928',-0.055
'0:13.930',-0.075
'0:13.932',-0.095
'0:13.934',-0.110
'0:13.936',-0.115
'0:13.938',-0.095
'0:13.940',-0.050
'0:13.942',0.025
'0:13.944',0.125
'0:13.946',0.240
'0:13.948',0.365
'0:13.950',0.485
'0:13.952',0.575
'0:13.954',0.630
'0:13.956',0.635
'0:13.958',0.595
'0:13.960',0.515
'0:13.962',0.400
'0:13.964',0.275
'0:13.966',0.145
'0:13.968',0.035
'0:13.970',-0.055
'0:13.972',-0.110
'0:13.974',-0.140
'0:13.976',-0.140
'0:13.978',-0.125
'0:13.980',-0.105
'0:13.982',-0.080
'0:13.984',-0.060
'0:13.986',-0.045
'0:13.988',-0.035
'0:13.990',-0.030
'0:13.992',-0.035
'0:13.994',-0.040
'0:13.996',-0.045
'0:13.998',-0.050
'0:14.000',-0.060
'0:14.002',-0.065
'0:14.004',-0.070
'0:14.006',-0.075
'0:14.008',-0.075
'0:14.010',-0.070
'0:14.012',-0.060
'0:14.014',-0.050
'0:14.016',-0.040
'0:14.018',-0.035
'0:14.020',-0.030
'0:14.022',-0.030
'0:14.024',-0.035
'0:14.026',-0.045
'0:14.028',-0.050
'0:14.030',-0.060
'0:14.032',-0.065
'0:14.034',-0.065
'0:14.036',-0.060
'0:14.038',-0.055
'0:14.040',-0.045
'0:14.042',-0.035
'0:14.044',-0.025
'0:14.046',-0.020
'0:14.048',-0.020
'0:14.050',-0.020
'0:14.052',-0.020
'0:14.054',-0.020
'0:14.056',-0.020
'0:14.058',-0.020
'0:14.060',-0.020
'0:14.062',-0.015
'0:14.064',-0.015
'0:14.066',-0.015
'0:14.068',-0.015
'0:14.070',-0.015
'0:14.072',-0.020
'0:14.074',-0.025
'0:14.076',-0.025
'0:14.078',-0.025
'0:14.080',-0.025
'0:14.082',-0.020
'0:14.084',-0.020
'0:14.086',-0.020
'0:14.088',-0.020
'0:14.090',-0.020
'0:14.092',-0.020
'0:14.094',-0.020
'0:14.096',-0.020
'0:14.098',-0.020
'0:14.100',-0.015
'0:14.102',-0.010
'0:14.104',0.000
'0:14.106',0.005
'0:14.108',0.005
'0:14.110',0.010
'0:14.112',0.010
'0:14.114',0.010
'0:14.116',0.005
'0:14.118',0.005
'0:14.120',0.000
'0:14.122',0.005
'0:14.124',0.005
'0:14.126',0.015
'0:14.128',0.020
'0:14.130',0.025
'0:14.132',0.030
'0:14.134',0.035
'0:14.136',0.035
'0:14.138',0.030
'0:14.140',0.025
'0:14.142',0.020
'0:14.144',0.015
'0:14.146',0.015
'0:14.148',0.020
'0:14.150',0.030
'0:14.152',0.045
'0:14.154',0.060
'0:14.156',0.075
'0:14.158',0.090
'0:14.160',0.100
'0:14.162',0.100
'0:14.164',0.100
'0:14.166',0.100
'0:14.168',0.095
'0:14.170',0.095
'0:14.172',0.100
'0:14.174',0.105
'0:14.176',0.120
'0:14.178',0.135
'0:14.180',0.150
'0:14.182',0.160
'0:14.184',0.165
'0:14.186',0.165
'0:14.188',0.160
'0:14.190',0.155
'0:14.192',0.150
'0:14.194',0.145
'0:14.196',0.145
'0:14.198',0.150
'0:14.200',0.155
'0:14.202',0.165
'0:14.204',0.175
'0:14.206',0.185
'0:14.208',0.185
'0:14.210',0.185
'0:14.212',0.175
'0:14.214',0.165
'0:14.216',0.150
'0:14.218',0.140
'0:14.220',0.130
'0:14.222',0.125
'0:14.224',0.125
'0:14.226',0.120
'0:14.228',0.120
'0:14.230',0.120
'0:14.232',0.115
'0:14.234',0.110
'0:14.236',0.100
'0:14.238',0.090
'0:14.240',0.080
'0:14.242',0.065
'0:14.244',0.050
'0:14.246',0.040
'0:14.248',0.025
'0:14.250',0.020
'0:14.252',0.010
'0:14.254',0.005
'0:14.256',0.005
'0:14.258',0.000
'0:14.260',-0.005
'0:14.262',-0.005
'0:14.264',-0.010
'0:14.266',-0.015
'0:14.268',-0.020
'0:14.270',-0.020
'0:14.272',-0.025
'0:14.274',-0.025
'0:14.276',-0.025
'0:14.278',-0.020
'0:14.280',-0.020
'0:14.282',-0.015
'0:14.284',-0.010
'0:14.286',-0.010
'0:14.288',-0.015
'0:14.290',-0.020
'0:14.292',-0.025
'0:14.294',-0.030
'0:14.296',-0.040
'0:14.298',-0.045
'0:14.300',-0.045
'0:14.302',-0.045
'0:14.304',-0.040
'0:14.306',-0.035
'0:14.308',-0.030
'0:14.310',-0.025
'0:14.312',-0.015
'0:14.314',-0.010
'0:14.316',-0.010
'0:14.318',-0.010
'0:14.320',-0.015
'0:14.322',-0.020
'0:14.324',-0.025
'0:14.326',-0.035
'0:14.328',-0.040
'0:14.330',-0.045
'0:14.332',-0.045
'0:14.334',-0.040
'0:14.336',-0.030
'0:14.338',-0.025
'0:14.340',-0.015
'0:14.342',-0.005
'0:14.344',0.000
'0:14.346',0.000
'0:14.348',-0.005
'0:14.350',-0.015
'0:14.352',-0.025
'0:14.354',-0.030
'0:14.356',-0.035
'0:14.358',-0.040
'0:14.360',-0.035
'0:14.362',-0.035
'0:14.364',-0.030
'0:14.366',-0.025
'0:14.368',-0.020
'0:14.370',-0.020
'0:14.372',-0.020
'0:14.374',-0.020
'0:14.376',-0.020
'0:14.378',-0.015
'0:14.380',-0.010
'0:14.382',-0.005
'0:14.384',0.000
'0:14.386',0.000
'0:14.388',0.000
'0:14.390',0.000
'0:14.392',-0.005
'0:14.394',-0.010
'0:14.396',-0.015
'0:14.398',-0.020
'0:14.400',-0.025
'0:14.402',-0.025
'0:14.404',-0.020
'0:14.406',-0.020
'0:14.408',-0.015
'0:14.410',-0.015
'0:14.412',-0.015
'0:14.414',-0.015
'0:14.416',-0.020
'0:14.418',-0.020
'0:14.420',-0.025
'0:14.422',-0.020
'0:14.424',-0.020
'0:14.426',-0.015
'0:14.428',-0.010
'0:14.430',-0.005
'0:14.432',0.000
'0:14.434',-0.005
'0:14.436',-0.005
'0:14.438',-0.010
'0:14.440',-0.015
'0:14.442',-0.020
'0:14.444',-0.020
'0:14.446',-0.020
'0:14.448',-0.020
'0:14.450',-0.015
'0:14.452',-0.010
'0:14.454',-0.005
'0:14.456',-0.005
'0:14.458',-0.005
'0:14.460',-0.005
'0:14.462',-0.010
'0:14.464',-0.015
'0:14.466',-0.025
'0:14.468',-0.030
'0:14.470',-0.030
'0:14.472',-0.030
'0:14.474',-0.030
'0:14.476',-0.030
'0:14.478',-0.025
'0:14.480',-0.020
'0:14.482',-0.015
'0:14.484',-0.010
'0:14.486',-0.010
'0:14.488',-0.010
'0:14.490',-0.010
'0:14.492',-0.015
'0:14.494',-0.015
'0:14.496',-0.020
'0:14.498',-0.020
'0:14.500',-0.025
'0:14.502',-0.030
'0:14.504',-0.030
'0:14.506',-0.030
'0:14.508',-0.035
'0:14.510',-0.035
'0:14.512',-0.035
'0:14.514',-0.030
'0:14.516',-0.030
'0:14.518',-0.030
'0:14.520',-0.025
'0:14.522',-0.020
'0:14.524',-0.020
'0:14.526',-0.015
'0:14.528',-0.015
'0:14.530',-0.015
'0:14.532',-0.015
'0:14.534',-0.020
'0:14.536',-0.025
'0:14.538',-0.025
'0:14.540',-0.030
'0:14.542',-0.035
'0:14.544',-0.040
'0:14.546',-0.040
'0:14.548',-0.040
'0:14.550',-0.035
'0:14.552',-0.030
'0:14.554',-0.025
'0:14.556',-0.015
'0:14.558',-0.010
'0:14.560',-0.010
'0:14.562',-0.015
'0:14.564',-0.020
'0:14.566',-0.025
'0:14.568',-0.035
'0:14.570',-0.045
'0:14.572',-0.050
'0:14.574',-0.055
'0:14.576',-0.050
'0:14.578',-0.045
'0:14.580',-0.040
'0:14.582',-0.030
'0:14.584',-0.025
'0:14.586',-0.020
'0:14.588',-0.020
'0:14.590',-0.025
'0:14.592',-0.030
'0:14.594',-0.040
'0:14.596',-0.045
'0:14.598',-0.050
'0:14.600',-0.050
'0:14.602',-0.045
'0:14.604',-0.040
'0:14.606',-0.035
'0:14.608',-0.025
'0:14.610',-0.020
'0:14.612',-0.020
'0:14.614',-0.020
'0:14.616',-0.025
'0:14.618',-0.030
'0:14.620',-0.035
'0:14.622',-0.035
'0:14.624',-0.035
'0:14.626',-0.030
'0:14.628',-0.025
'0:14.630',-0.020
'0:14.632',-0.020
'0:14.634',-0.015
'0:14.636',-0.015
'0:14.638',-0.020
'0:14.640',-0.025
'0:14.642',-0.030
'0:14.644',-0.035
'0:14.646',-0.035
'0:14.648',-0.040
'0:14.650',-0.040
'0:14.652',-0.040
'0:14.654',-0.040
'0:14.656',-0.040
'0:14.658',-0.045
'0:14.660',-0.045
'0:14.662',-0.050
'0:14.664',-0.045
'0:14.666',-0.045
'0:14.668',-0.040
'0:14.670',-0.035
'0:14.672',-0.025
'0:14.674',-0.020
'0:14.676',-0.020
'0:14.678',-0.020
'0:14.680',-0.020
'0:14.682',-0.020
'0:14.684',-0.020
'0:14.686',-0.015
'0:14.688',-0.005
'0:14.690',0.005
'0:14.692',0.020
'0:14.694',0.030
'0:14.696',0.045
'0:14.698',0.050
'0:14.700',0.050
'0:14.702',0.045
'0:14.704',0.040
'0:14.706',0.030
'0:14.708',0.020
'0:14.710',0.010
'0:14.712',0.000
'0:14.714',-0.010
'0:14.716',-0.020
'0:14.718',-0.025
'0:14.720',-0.035
'0:14.722',-0.045
'0:14.724',-0.050
'0:14.726',-0.055
'0:14.728',-0.060
'0:14.730',-0.060
'0:14.732',-0.055
'0:14.734',-0.050
'0:14.736',-0.045
'0:14.738',-0.040
'0:14.740',-0.035
'0:14.742',-0.035
'0:14.744',-0.035
'0:14.746',-0.035
'0:14.748',-0.035
'0:14.750',-0.040
'0:14.752',-0.040
'0:14.754',-0.045
'0:14.756',-0.045
'0:14.758',-0.050
'0:14.760',-0.050
'0:14.762',-0.055
'0:14.764',-0.065
'0:14.766',-0.070
'0:14.768',-0.070
'0:14.770',-0.070
'0:14.772',-0.070
'0:14.774',-0.060
'0:14.776',-0.055
'0:14.778',-0.045
'0:14.780',-0.040
'0:14.782',-0.040
'0:14.784',-0.050
'0:14.786',-0.070
'0:14.788',-0.090
'0:14.790',-0.110
'0:14.792',-0.120
'0:14.794',-0.115
'0:14.796',-0.090
'0:14.798',-0.040
'0:14.800',0.035
'0:14.802',0.135
'0:14.804',0.245
'0:14.806',0.355
'0:14.808',0.455
'0:14.810',0.530
'0:14.812',0.575
'0:14.814',0.575
'0:14.816',0.530
'0:14.818',0.445
'0:14.820',0.330
'0:14.822',0.200
'0:14.824',0.070
'0:14.826',-0.055
'0:14.828',-0.150
'0:14.830',-0.210
'0:14.832',-0.235
'0:14.834',-0.230
'0:14.836',-0.205
'0:14.838',-0.160
'0:14.840',-0.115
'0:14.842',-0.080
'0:14.844',-0.050
'0:14.846',-0.040
'0:14.848',-0.040
'0:14.850',-0.050
'0:14.852',-0.060
'0:14.854',-0.070
'0:14.856',-0.075
'0:14.858',-0.075
'0:14.860',-0.070
'0:14.862',-0.065
'0:14.864',-0.060
'0:14.866',-0.055
'0:14.868',-0.055
'0:14.870',-0.060
'0:14.872',-0.065
'0:14.874',-0.070
'0:14.876',-0.070
'0:14.878',-0.065
'0:14.880',-0.060
'0:14.882',-0.050
'0:14.884',-0.035
'0:14.886',-0.030
'0:14.888',-0.025
'0:14.890',-0.025
'0:14.892',-0.030
'0:14.894',-0.040
'0:14.896',-0.050
'0:14.898',-0.055
'0:14.900',-0.060
'0:14.902',-0.060
'0:14.904',-0.060
'0:14.906',-0.050
'0:14.908',-0.045
'0:14.910',-0.035
'0:14.912',-0.030
'0:14.914',-0.030
'0:14.916',-0.030
'0:14.918',-0.030
'0:14.920',-0.030
'0:14.922',-0.035
'0:14.924',-0.035
'0:14.926',-0.035
'0:14.928',-0.035
'0:14.930',-0.035
'0:14.932',-0.035
'0:14.934',-0.035
'0:14.936',-0.035
'0:14.938',-0.035
'0:14.940',-0.040
'0:14.942',-0.040
'0:14.944',-0.040
'0:14.946',-0.040
'0:14.948',-0.040
'0:14.950',-0.030
'0:14.952',-0.025
'0:14.954',-0.020
'0:14.956',-0.010
'0:14.958',-0.005
'0:14.960',0.000
'0:14.962',0.005
'0:14.964',0.005
'0:14.966',0.005
'0:14.968',0.000
'0:14.970',-0.005
'0:14.972',-0.010
'0:14.974',-0.010
'0:14.976',-0.010
'0:14.978',-0.010
'0:14.980',-0.010
'0:14.982',-0.005
'0:14.984',-0.005
'0:14.986',0.000
'0:14.988',0.005
'0:14.990',0.010
'0:14.992',0.015
'0:14.994',0.020
'0:14.996',0.025
'0:14.998',0.030
'0:15.000',0.035
'0:15.002',0.040
'0:15.004',0.050
'0:15.006',0.055
'0:15.008',0.055
'0:15.010',0.060
'0:15.012',0.065
'0:15.014',0.070
'0:15.016',0.070
'0:15.018',0.070
'0:15.020',0.075
'0:15.022',0.075
'0:15.024',0.075
'0:15.026',0.080
'0:15.028',0.085
'0:15.030',0.095
'0:15.032',0.105
'0:15.034',0.115
'0:15.036',0.130
'0:15.038',0.140
'0:15.040',0.150
'0:15.042',0.160
'0:15.044',0.165
'0:15.046',0.170
'0:15.048',0.170
'0:15.050',0.170
'0:15.052',0.165
'0:15.054',0.165
'0:15.056',0.170
'0:15.058',0.170
'0:15.060',0.170
'0:15.062',0.170
'0:15.064',0.170
'0:15.066',0.165
'0:15.068',0.160
'0:15.070',0.155
'0:15.072',0.145
'0:15.074',0.135
'0:15.076',0.130
'0:15.078',0.125
'0:15.080',0.120
'0:15.082',0.115
'0:15.084',0.115
'0:15.086',0.110
'0:15.088',0.105
'0:15.090',0.095
'0:15.092',0.085
'0:15.094',0.075
'0:15.096',0.060
'0:15.098',0.050
'0:15.100',0.040
'0:15.102',0.030
'0:15.104',0.025
'0:15.106',0.020
'0:15.108',0.010
'0:15.110',0.005
'0:15.112',0.000
'0:15.114',-0.005
'0:15.116',-0.010
'0:15.118',-0.015
'0:15.120',-0.015
'0:15.122',-0.010
'0:15.124',-0.005
'0:15.126',0.000
'0:15.128',0.010
'0:15.130',0.015
'0:15.132',0.020
'0:15.134',0.020
'0:15.136',0.015
'0:15.138',0.010
'0:15.140',-0.005
'0:15.142',-0.015
'0:15.144',-0.025
'0:15.146',-0.030
'0:15.148',-0.030
'0:15.150',-0.030
'0:15.152',-0.025
'0:15.154',-0.020
'0:15.156',-0.015
'0:15.158',-0.010
'0:15.160',-0.010
'0:15.162',-0.010
'0:15.164',-0.015
'0:15.166',-0.020
'0:15.168',-0.030
'0:15.170',-0.035
'0:15.172',-0.040
'0:15.174',-0.040
'0:15.176',-0.040
'0:15.178',-0.040
'0:15.180',-0.040
'0:15.182',-0.040
'0:15.184',-0.040
'0:15.186',-0.040
'0:15.188',-0.040
'0:15.190',-0.045
'0:15.192',-0.045
'0:15.194',-0.045
'0:15.196',-0.045
'0:15.198',-0.040
'0:15.200',-0.040
'0:15.202',-0.035
'0:15.204',-0.035
'0:15.206',-0.035
'0:15.208',-0.040
'0:15.210',-0.045
'0:15.212',-0.050
'0:15.214',-0.055
'0:15.216',-0.055
'0:15.218',-0.055
'0:15.220',-0.045
'0:15.222',-0.035
'0:15.224',-0.025
'0:15.226',-0.015
'0:15.228',-0.005
'0:15.230',0.005
'0:15.232',0.005
'0:15.234',0.005
'0:15.236',0.000
'0:15.238',-0.010
'0:15.240',-0.020
'0:15.242',-0.030
'0:15.244',-0.035
'0:15.246',-0.040
'0:15.248',-0.035
'0:15.250',-0.035
'0:15.252',-0.030
'0:15.254',-0.030
'0:15.256',-0.025
'0:15.258',-0.025
'0:15.260',-0.025
'0:15.262',-0.030
'0:15.264',-0.030
'0:15.266',-0.030
'0:15.268',-0.030
'0:15.270',-0.030
'0:15.272',-0.030
'0:15.274',-0.025
'0:15.276',-0.025
'0:15.278',-0.030
'0:15.280',-0.030
'0:15.282',-0.035
'0:15.284',-0.040
'0:15.286',-0.045
'0:15.288',-0.045
'0:15.290',-0.050
'0:15.292',-0.050
'0:15.294',-0.050
'0:15.296',-0.050
'0:15.298',-0.045
'0:15.300',-0.040
'0:15.302',-0.040
'0:15.304',-0.040
'0:15.306',-0.035
'0:15.308',-0.035
'0:15.310',-0.035
'0:15.312',-0.035
'0:15.314',-0.040
'0:15.316',-0.040
'0:15.318',-0.040
'0:15.320',-0.040
'0:15.322',-0.040
'0:15.324',-0.040
'0:15.326',-0.035
'0:15.328',-0.030
'0:15.330',-0.025
'0:15.332',-0.020
'0:15.334',-0.020
'0:15.336',-0.020
'0:15.338',-0.025
'0:15.340',-0.030
'0:15.342',-0.035
'0:15.344',-0.040
'0:15.346',-0.045
'0:15.348',-0.050
'0:15.350',-0.050
'0:15.352',-0.050
'0:15.354',-0.045
'0:15.356',-0.035
'0:15.358',-0.030
'0:15.360',-0.025
'0:15.362',-0.020
'0:15.364',-0.020
'0:15.366',-0.025
'0:15.368',-0.030
'0:15.370',-0.035
'0:15.372',-0.040
'0:15.374',-0.045
'0:15.376',-0.045
'0:15.378',-0.040
'0:15.380',-0.035
'0:15.382',-0.030
'0:15.384',-0.025
'0:15.386',-0.020
'0:15.388',-0.015
'0:15.390',-0.015
'0:15.392',-0.020
'0:15.394',-0.025
'0:15.396',-0.030
'0:15.398',-0.040
'0:15.400',-0.040
'0:15.402',-0.045
'0:15.404',-0.045
'0:15.406',-0.040
'0:15.408',-0.030
'0:15.410',-0.020
'0:15.412',-0.015
'0:15.414',-0.005
'0:15.416',0.000
'0:15.418',0.005
'0:15.420',0.010
'0:15.422',0.015
'0:15.424',0.020
'0:15.426',0.025
'0:15.428',0.030
'0:15.430',0.035
'0:15.432',0.035
'0:15.434',0.035
'0:15.436',0.030
'0:15.438',0.025
'0:15.440',0.010
'0:15.442',0.000
'0:15.444',-0.015
'0:15.446',-0.020
'0:15.448',-0.025
'0:15.450',-0.025
'0:15.452',-0.025
'0:15.454',-0.020
'0:15.456',-0.015
'0:15.458',-0.015
'0:15.460',-0.020
'0:15.462',-0.030
'0:15.464',-0.040
'0:15.466',-0.050
'0:15.468',-0.060
'0:15.470',-0.070
'0:15.472',-0.075
'0:15.474',-0.075
'0:15.476',-0.075
'0:15.478',-0.070
'0:15.480',-0.065
'0:15.482',-0.065
'0:15.484',-0.055
'0:15.486',-0.050
'0:15.488',-0.040
'0:15.490',-0.030
'0:15.492',-0.020
'0:15.494',-0.010
'0:15.496',-0.005
'0:15.498',-0.010
'0:15.500',-0.015
'0:15.502',-0.030
'0:15.504',-0.045
'0:15.506',-0.055
'0:15.508',-0.070
'0:15.510',-0.075
'0:15.512',-0.075
'0:15.514',-0.070
'0:15.516',-0.065
'0:15.518',-0.060
'0:15.520',-0.065
'0:15.522',-0.070
'0:15.524',-0.080
'0:15.526',-0.085
'0:15.528',-0.075
'0:15.530',-0.050
'0:15.532',0.000
'0:15.534',0.075
'0:15.536',0.165
'0:15.538',0.275
'0:15.540',0.380
'0:15.542',0.465
'0:15.544',0.530
'0:15.546',0.550
'0:15.548',0.530
'0:15.550',0.465
'0:15.552',0.365
'0:15.554',0.245
'0:15.556',0.115
'0:15.558',-0.005
'0:15.560',-0.110
'0:15.562',-0.185
'0:15.564',-0.230
'0:15.566',-0.240
'0:15.568',-0.225
'0:15.570',-0.190
'0:15.572',-0.150
'0:15.574',-0.105
'0:15.576',-0.065
'0:15.578',-0.035
'0:15.580',-0.015
'0:15.582',-0.010
'0:15.584',-0.015
'0:15.586',-0.025
'0:15.588',-0.040
'0:15.590',-0.050
'0:15.592',-0.060
'0:15.594',-0.065
'0:15.596',-0.065
'0:15.598',-0.060
'0:15.600',-0.050
'0:15.602',-0.045
'0:15.604',-0.045
'0:15.606',-0.045
'0:15.608',-0.050
'0:15.610',-0.060
'0:15.612',-0.065
'0:15.614',-0.075
'0:15.616',-0.075
'0:15.618',-0.075
'0:15.620',-0.070
'0:15.622',-0.060
'0:15.624',-0.045
'0:15.626',-0.035
'0:15.628',-0.030
'0:15.630',-0.025
'0:15.632',-0.030
'0:15.634',-0.035
'0:15.636',-0.045
'0:15.638',-0.055
'0:15.640',-0.060
'0:15.642',-0.065
'0:15.644',-0.065
'0:15.646',-0.060
'0:15.648',-0.050
'0:15.650',-0.040
'0:15.652',-0.035
'0:15.654',-0.025
'0:15.656',-0.020
'0:15.658',-0.015
'0:15.660',-0.015
'0:15.662',-0.015
'0:15.664',-0.020
'0:15.666',-0.025
'0:15.668',-0.030
'0:15.670',-0.035
'0:15.672',-0.040
'0:15.674',-0.040
'0:15.676',-0.040
'0:15.678',-0.035
'0:15.680',-0.030
'0:15.682',-0.025
'0:15.684',-0.015
'0:15.686',-0.010
'0:15.688',0.000
'0:15.690',0.000
'0:15.692',0.000
'0:15.694',-0.005
'0:15.696',-0.010
'0:15.698',-0.015
'0:15.700',-0.020
'0:15.702',-0.025
'0:15.704',-0.025
'0:15.706',-0.025
'0:15.708',-0.020
'0:15.710',-0.015
'0:15.712',-0.005
'0:15.714',0.000
'0:15.716',0.010
'0:15.718',0.020
'0:15.720',0.025
'0:15.722',0.030
'0:15.724',0.035
'0:15.726',0.040
'0:15.728',0.040
'0:15.730',0.045
'0:15.732',0.045
'0:15.734',0.045
'0:15.736',0.050
'0:15.738',0.050
'0:15.740',0.055
'0:15.742',0.060
'0:15.744',0.065
'0:15.746',0.070
'0:15.748',0.075
'0:15.750',0.085
'0:15.752',0.095
'0:15.754',0.100
'0:15.756',0.110
'0:15.758',0.115
'0:15.760',0.115
'0:15.762',0.120
'0:15.764',0.120
'0:15.766',0.120
'0:15.768',0.120
'0:15.770',0.125
'0:15.772',0.130
'0:15.774',0.140
'0:15.776',0.145
'0:15.778',0.155
'0:15.780',0.165
'0:15.782',0.170
'0:15.784',0.170
'0:15.786',0.170
'0:15.788',0.170
'0:15.790',0.170
'0:15.792',0.170
'0:15.794',0.170
'0:15.796',0.170
'0:15.798',0.170
'0:15.800',0.165
'0:15.802',0.160
'0:15.804',0.145
'0:15.806',0.125
'0:15.808',0.105
'0:15.810',0.090
'0:15.812',0.075
'0:15.814',0.065
'0:15.816',0.065
'0:15.818',0.070
'0:15.820',0.080
'0:15.822',0.090
'0:15.824',0.095
'0:15.826',0.095
'0:15.828',0.085
'0:15.830',0.070
'0:15.832',0.050
'0:15.834',0.025
'0:15.836',0.005
'0:15.838',-0.010
'0:15.840',-0.020
'0:15.842',-0.020
'0:15.844',-0.015
'0:15.846',-0.005
'0:15.848',0.005
'0:15.850',0.010
'0:15.852',0.010
'0:15.854',0.005
'0:15.856',0.000
'0:15.858',-0.010
'0:15.860',-0.015
'0:15.862',-0.020
'0:15.864',-0.020
'0:15.866',-0.020
'0:15.868',-0.015
'0:15.870',-0.015
'0:15.872',-0.015
'0:15.874',-0.020
'0:15.876',-0.025
'0:15.878',-0.040
'0:15.880',-0.050
'0:15.882',-0.060
'0:15.884',-0.065
'0:15.886',-0.060
'0:15.888',-0.055
'0:15.890',-0.045
'0:15.892',-0.030
'0:15.894',-0.015
'0:15.896',-0.005
'0:15.898',0.005
'0:15.900',0.005
'0:15.902',0.005
'0:15.904',0.000
'0:15.906',-0.010
'0:15.908',-0.020
'0:15.910',-0.025
'0:15.912',-0.030
'0:15.914',-0.035
'0:15.916',-0.035
'0:15.918',-0.040
'0:15.920',-0.040
'0:15.922',-0.045
'0:15.924',-0.050
'0:15.926',-0.055
'0:15.928',-0.060
'0:15.930',-0.060
'0:15.932',-0.060
'0:15.934',-0.055
'0:15.936',-0.050
'0:15.938',-0.035
'0:15.940',-0.020
'0:15.942',-0.010
'0:15.944',0.000
'0:15.946',0.010
'0:15.948',0.010
'0:15.950',0.005
'0:15.952',0.000
'0:15.954',-0.010
'0:15.956',-0.015
'0:15.958',-0.025
'0:15.960',-0.030
'0:15.962',-0.030
'0:15.964',-0.030
'0:15.966',-0.030
'0:15.968',-0.025
'0:15.970',-0.020
'0:15.972',-0.020
'0:15.974',-0.015
'0:15.976',-0.015
'0:15.978',-0.015
'0:15.980',-0.015
'0:15.982',-0.015
'0:15.984',-0.015
'0:15.986',-0.015
'0:15.988',-0.020
'0:15.990',-0.025
'0:15.992',-0.030
'0:15.994',-0.035
'0:15.996',-0.040
'0:15.998',-0.040
'0:16.000',-0.040
'0:16.002',-0.040
'0:16.004',-0.035
'0:16.006',-0.030
'0:16.008',-0.030
'0:16.010',-0.030
'0:16.012',-0.035
'0:16.014',-0.040
'0:16.016',-0.050
'0:16.018',-0.060
'0:16.020',-0.060
'0:16.022',-0.060
'0:16.024',-0.055
'0:16.026',-0.040
'0:16.028',-0.025
'0:16.030',-0.010
'0:16.032',0.005
'0:16.034',0.010
'0:16.036',0.010
'0:16.038',0.005
'0:16.040',-0.005
'0:16.042',-0.020
'0:16.044',-0.035
'0:16.046',-0.045
'0:16.048',-0.055
'0:16.050',-0.055
'0:16.052',-0.050
'0:16.054',-0.045
'0:16.056',-0.035
'0:16.058',-0.025
'0:16.060',-0.020
'0:16.062',-0.015
'0:16.064',-0.020
'0:16.066',-0.020
'0:16.068',-0.030
'0:16.070',-0.035
'0:16.072',-0.040
'0:16.074',-0.045
'0:16.076',-0.050
'0:16.078',-0.050
'0:16.080',-0.045
'0:16.082',-0.040
'0:16.084',-0.030
'0:16.086',-0.020
'0:16.088',-0.010
'0:16.090',-0.005
'0:16.092',0.005
'0:16.094',0.010
'0:16.096',0.010
'0:16.098',0.015
'0:16.100',0.015
'0:16.102',0.015
'0:16.104',0.015
'0:16.106',0.010
'0:16.108',0.010
'0:16.110',0.005
'0:16.112',0.005
'0:16.114',0.005
'0:16.116',0.010
'0:16.118',0.010
'0:16.120',0.015
'0:16.122',0.020
'0:16.124',0.025
'0:16.126',0.030
'0:16.128',0.035
'0:16.130',0.035
'0:16.132',0.035
'0:16.134',0.030
'0:16.136',0.025
'0:16.138',0.015
'0:16.140',0.005
'0:16.142',-0.010
'0:16.144',-0.025
'0:16.146',-0.040
'0:16.148',-0.055
'0:16.150',-0.065
'0:16.152',-0.075
'0:16.154',-0.080
'0:16.156',-0.080
'0:16.158',-0.075
'0:16.160',-0.070
'0:16.162',-0.060
'0:16.164',-0.045
'0:16.166',-0.035
'0:16.168',-0.025
'0:16.170',-0.015
'0:16.172',-0.010
'0:16.174',-0.010
'0:16.176',-0.015
'0:16.178',-0.020
'0:16.180',-0.025
'0:16.182',-0.035
'0:16.184',-0.040
'0:16.186',-0.045
'0:16.188',-0.045
'0:16.190',-0.050
'0:16.192',-0.050
'0:16.194',-0.055
'0:16.196',-0.055
'0:16.198',-0.055
'0:16.200',-0.055
'0:16.202',-0.055
'0:16.204',-0.055
'0:16.206',-0.055
'0:16.208',-0.060
'0:16.210',-0.065
'0:16.212',-0.080
'0:16.214',-0.090
'0:16.216',-0.100
'0:16.218',-0.100
'0:16.220',-0.080
'0:16.222',-0.045
'0:16.224',0.015
'0:16.226',0.095
'0:16.228',0.195
'0:16.230',0.300
'0:16.232',0.395
'0:16.234',0.475
'0:16.236',0.525
'0:16.238',0.535
'0:16.240',0.505
'0:16.242',0.440
'0:16.244',0.345
'0:16.246',0.235
'0:16.248',0.120
'0:16.250',0.015
'0:16.252',-0.075
'0:16.254',-0.140
'0:16.256',-0.175
'0:16.258',-0.190
'0:16.260',-0.180
'0:16.262',-0.160
'0:16.264',-0.135
'0:16.266',-0.105
'0:16.268',-0.080
'0:16.270',-0.065
'0:16.272',-0.055
'0:16.274',-0.050
'0:16.276',-0.050
'0:16.278',-0.050
'0:16.280',-0.055
'0:16.282',-0.055
'0:16.284',-0.055
'0:16.286',-0.050
'0:16.288',-0.045
'0:16.290',-0.040
'0:16.292',-0.030
'0:16.294',-0.025
'0:16.296',-0.025
'0:16.298',-0.030
'0:16.300',-0.040
'0:16.302',-0.050
'0:16.304',-0.060
'0:16.306',-0.070
'0:16.308',-0.075
'0:16.310',-0.080
'0:16.312',-0.080
'0:16.314',-0.075
'0:16.316',-0.065
'0:16.318',-0.055
'0:16.320',-0.050
'0:16.322',-0.045
'0:16.324',-0.040
'0:16.326',-0.040
'0:16.328',-0.040
'0:16.330',-0.045
'0:16.332',-0.045
'0:16.334',-0.040
'0:16.336',-0.040
'0:16.338',-0.040
'0:16.340',-0.040
'0:16.342',-0.040
'0:16.344',-0.045
'0:16.346',-0.050
'0:16.348',-0.060
'0:16.350',-0.070
'0:16.352',-0.080
'0:16.354',-0.080
'0:16.356',-0.080
'0:16.358',-0.075
'0:16.360',-0.065
'0:16.362',-0.055
'0:16.364',-0.040
'0:16.366',-0.025
'0:16.368',-0.020
'0:16.370',-0.010
'0:16.372',-0.010
'0:16.374',-0.015
'0:16.376',-0.015
'0:16.378',-0.020
'0:16.380',-0.025
'0:16.382',-0.030
'0:16.384',-0.035
'0:16.386',-0.035
'0:16.388',-0.035
'0:16.390',-0.030
'0:16.392',-0.030
'0:16.394',-0.025
'0:16.396',-0.020
'0:16.398',-0.015
'0:16.400',-0.010
'0:16.402',-0.005
'0:16.404',0.000
'0:16.406',0.005
'0:16.408',0.010
'0:16.410',0.020
'0:16.412',0.020
'0:16.414',0.025
'0:16.416',0.025
'0:16.418',0.030
'0:16.420',0.030
'0:16.422',0.030
'0:16.424',0.030
'0:16.426',0.035
'0:16.428',0.035
'0:16.430',0.040
'0:16.432',0.040
'0:16.434',0.040
'0:16.436',0.045
'0:16.438',0.045
'0:16.440',0.045
'0:16.442',0.045
'0:16.444',0.050
'0:16.446',0.055
'0:16.448',0.065
'0:16.450',0.075
'0:16.452',0.090
'0:16.454',0.105
'0:16.456',0.120
'0:16.458',0.135
'0:16.460',0.140
'0:16.462',0.140
'0:16.464',0.140
'0:16.466',0.135
'0:16.468',0.130
'0:16.470',0.125
'0:16.472',0.120
'0:16.474',0.120
'0:16.476',0.125
'0:16.478',0.130
'0:16.480',0.140
'0:16.482',0.145
'0:16.484',0.150
'0:16.486',0.155
'0:16.488',0.155
'0:16.490',0.150
'0:16.492',0.145
'0:16.494',0.140
'0:16.496',0.135
'0:16.498',0.125
'0:16.500',0.120
'0:16.502',0.115
'0:16.504',0.110
'0:16.506',0.105
'0:16.508',0.095
'0:16.510',0.085
'0:16.512',0.075
'0:16.514',0.060
'0:16.516',0.050
'0:16.518',0.040
'0:16.520',0.030
'0:16.522',0.020
'0:16.524',0.015
'0:16.526',0.005
'0:16.528',0.000
'0:16.530',0.000
'0:16.532',-0.005
'0:16.534',-0.005
'0:16.536',-0.010
'0:16.538',-0.010
'0:16.540',-0.015
'0:16.542',-0.020
'0:16.544',-0.025
'0:16.546',-0.025
'0:16.548',-0.030
'0:16.550',-0.030
'0:16.552',-0.035
'0:16.554',-0.035
'0:16.556',-0.035
'0:16.558',-0.030
'0:16.560',-0.030
'0:16.562',-0.030
'0:16.564',-0.035
'0:16.566',-0.040
'0:16.568',-0.050
'0:16.570',-0.055
'0:16.572',-0.065
'0:16.574',-0.070
'0:16.576',-0.070
'0:16.578',-0.070
'0:16.580',-0.065
'0:16.582',-0.055
'0:16.584',-0.045
'0:16.586',-0.035
'0:16.588',-0.025
'0:16.590',-0.020
'0:16.592',-0.020
'0:16.594',-0.025
'0:16.596',-0.030
'0:16.598',-0.040
'0:16.600',-0.050
'0:16.602',-0.055
'0:16.604',-0.060
'0:16.606',-0.065
'0:16.608',-0.065
'0:16.610',-0.060
'0:16.612',-0.055
'0:16.614',-0.050
'0:16.616',-0.050
'0:16.618',-0.045
'0:16.620',-0.045
'0:16.622',-0.045
'0:16.624',-0.040
'0:16.626',-0.040
'0:16.628',-0.035
'0:16.630',-0.035
'0:16.632',-0.030
'0:16.634',-0.025
'0:16.636',-0.025
'0:16.638',-0.025
'0:16.640',-0.025
'0:16.642',-0.030
'0:16.644',-0.030
'0:16.646',-0.035
'0:16.648',-0.040
'0:16.650',-0.040
'0:16.652',-0.045
'0:16.654',-0.045
'0:16.656',-0.040
'0:16.658',-0.040
'0:16.660',-0.035
'0:16.662',-0.030
'0:16.664',-0.025
'0:16.666',-0.020
'0:16.668',-0.015
'0:16.670',-0.015
'0:16.672',-0.010
'0:16.674',-0.015
'0:16.676',-0.020
'0:16.678',-0.025
'0:16.680',-0.035
'0:16.682',-0.045
'0:16.684',-0.050
'0:16.686',-0.055
'0:16.688',-0.055
'0:16.690',-0.050
'0:16.692',-0.045
'0:16.694',-0.035
'0:16.696',-0.025
'0:16.698',-0.020
'0:16.700',-0.020
'0:16.702',-0.020
'0:16.704',-0.025
'0:16.706',-0.030
'0:16.708',-0.035
'0:16.710',-0.040
'0:16.712',-0.040
'0:16.714',-0.040
'0:16.716',-0.035
'0:16.718',-0.030
'0:16.720',-0.030
'0:16.722',-0.030
'0:16.724',-0.035
'0:16.726',-0.040
'0:16.728',-0.050
'0:16.730',-0.055
'0:16.732',-0.055
'0:16.734',-0.055
'0:16.736',-0.045
'0:16.738',-0.035
'0:16.740',-0.025
'0:16.742',-0.015
'0:16.744',-0.010
'0:16.746',-0.005
'0:16.748',-0.005
'0:16.750',-0.010
'0:16.752',-0.015
'0:16.754',-0.025
'0:16.756',-0.030
'0:16.758',-0.030
'0:16.760',-0.030
'0:16.762',-0.030
'0:16.764',-0.030
'0:16.766',-0.030
'0:16.768',-0.030
'0:16.770',-0.035
'0:16.772',-0.040
'0:16.774',-0.045
'0:16.776',-0.050
'0:16.778',-0.055
'0:16.780',-0.055
'0:16.782',-0.050
'0:16.784',-0.040
'0:16.786',-0.030
'0:16.788',-0.025
'0:16.790',-0.015
'0:16.792',-0.010
'0:16.794',-0.005
'0:16.796',-0.005
'0:16.798',0.000
'0:16.800',0.000
'0:16.802',0.005
'0:16.804',0.010
'0:16.806',0.020
'0:16.808',0.025
'0:16.810',0.030
'0:16.812',0.030
'0:16.814',0.025
'0:16.816',0.015
'0:16.818',0.005
'0:16.820',-0.010
'0:16.822',-0.025
'0:16.824',-0.030
'0:16.826',-0.030
'0:16.828',-0.020
'0:16.830',-0.005
'0:16.832',0.015
'0:16.834',0.040
'0:16.836',0.055
'0:16.838',0.065
'0:16.840',0.070
'0:16.842',0.060
'0:16.844',0.045
'0:16.846',0.020
'0:16.848',0.000
'0:16.850',-0.025
'0:16.852',-0.040
'0:16.854',-0.050
'0:16.856',-0.050
'0:16.858',-0.045
'0:16.860',-0.040
'0:16.862',-0.035
'0:16.864',-0.030
'0:16.866',-0.030
'0:16.868',-0.030
'0:16.870',-0.035
'0:16.872',-0.045
'0:16.874',-0.050
'0:16.876',-0.050
'0:16.878',-0.045
'0:16.880',-0.040
'0:16.882',-0.035
'0:16.884',-0.025
'0:16.886',-0.020
'0:16.888',-0.020
'0:16.890',-0.020
'0:16.892',-0.030
'0:16.894',-0.035
'0:16.896',-0.045
'0:16.898',-0.055
'0:16.900',-0.060
'0:16.902',-0.060
'0:16.904',-0.055
'0:16.906',-0.045
'0:16.908',-0.040
'0:16.910',-0.040
'0:16.912',-0.040
'0:16.914',-0.050
'0:16.916',-0.070
'0:16.918',-0.090
'0:16.920',-0.115
'0:16.922',-0.130
'0:16.924',-0.130
'0:16.926',-0.110
'0:16.928',-0.065
'0:16.930',0.005
'0:16.932',0.095
'0:16.934',0.200
'0:16.936',0.315
'0:16.938',0.420
'0:16.940',0.510
'0:16.942',0.570
'0:16.944',0.595
'0:16.946',0.585
'0:16.948',0.530
'0:16.950',0.450
'0:16.952',0.340
'0:16.954',0.225
'0:16.956',0.105
'0:16.958',0.000
'0:16.960',-0.085
'0:16.962',-0.140
'0:16.964',-0.170
'0:16.966',-0.165
'0:16.968',-0.145
'0:16.970',-0.105
'0:16.972',-0.065
'0:16.974',-0.025
'0:16.976',0.005
'0:16.978',0.015
'0:16.980',0.015
'0:16.982',0.000
'0:16.984',-0.025
'0:16.986',-0.050
'0:16.988',-0.070
'0:16.990',-0.080
'0:16.992',-0.085
'0:16.994',-0.080
'0:16.996',-0.065
'0:16.998',-0.050
'0:17.000',-0.040
'0:17.002',-0.030
'0:17.004',-0.025
'0:17.006',-0.030
'0:17.008',-0.040
'0:17.010',-0.050
'0:17.012',-0.055
'0:17.014',-0.060
'0:17.016',-0.060
'0:17.018',-0.060
'0:17.020',-0.055
'0:17.022',-0.050
'0:17.024',-0.050
'0:17.026',-0.055
'0:17.028',-0.055
'0:17.030',-0.060
'0:17.032',-0.060
'0:17.034',-0.060
'0:17.036',-0.055
'0:17.038',-0.050
'0:17.040',-0.040
'0:17.042',-0.030
'0:17.044',-0.020
'0:17.046',-0.015
'0:17.048',-0.015
'0:17.050',-0.020
'0:17.052',-0.025
'0:17.054',-0.030
'0:17.056',-0.035
'0:17.058',-0.035
'0:17.060',-0.035
'0:17.062',-0.035
'0:17.064',-0.030
'0:17.066',-0.025
'0:17.068',-0.025
'0:17.070',-0.030
'0:17.072',-0.030
'0:17.074',-0.035
'0:17.076',-0.040
'0:17.078',-0.040
'0:17.080',-0.040
'0:17.082',-0.035
'0:17.084',-0.030
'0:17.086',-0.025
'0:17.088',-0.020
'0:17.090',-0.015
'0:17.092',-0.015
'0:17.094',-0.015
'0:17.096',-0.020
'0:17.098',-0.025
'0:17.100',-0.025
'0:17.102',-0.025
'0:17.104',-0.025
'0:17.106',-0.020
'0:17.108',-0.015
'0:17.110',-0.010
'0:17.112',-0.005
'0:17.114',0.000
'0:17.116',0.000
'0:17.118',0.005
'0:17.120',0.005
'0:17.122',0.010
'0:17.124',0.010
'0:17.126',0.015
'0:17.128',0.020
'0:17.130',0.025
'0:17.132',0.030
'0:17.134',0.040
'0:17.136',0.045
'0:17.138',0.055
'0:17.140',0.065
'0:17.142',0.075
'0:17.144',0.080
'0:17.146',0.085
'0:17.148',0.090
'0:17.150',0.090
'0:17.152',0.090
'0:17.154',0.090
'0:17.156',0.090
'0:17.158',0.095
'0:17.160',0.100
'0:17.162',0.110
'0:17.164',0.120
'0:17.166',0.130
'0:17.168',0.135
'0:17.170',0.140
'0:17.172',0.145
'0:17.174',0.145
'0:17.176',0.145
'0:17.178',0.145
'0:17.180',0.150
'0:17.182',0.155
'0:17.184',0.165
'0:17.186',0.170
'0:17.188',0.175
'0:17.190',0.180
'0:17.192',0.180
'0:17.194',0.175
'0:17.196',0.165
'0:17.198',0.150
'0:17.200',0.140
'0:17.202',0.130
'0:17.204',0.120
'0:17.206',0.120
'0:17.208',0.120
'0:17.210',0.120
'0:17.212',0.120
'0:17.214',0.115
'0:17.216',0.105
'0:17.218',0.095
'0:17.220',0.075
'0:17.222',0.060
'0:17.224',0.040
'0:17.226',0.030
'0:17.228',0.020
'0:17.230',0.015
'0:17.232',0.015
'0:17.234',0.020
'0:17.236',0.020
'0:17.238',0.020
'0:17.240',0.015
'0:17.242',0.010
'0:17.244',0.000
'0:17.246',-0.010
'0:17.248',-0.020
'0:17.250',-0.025
'0:17.252',-0.025
'0:17.254',-0.020
'0:17.256',-0.015
'0:17.258',-0.010
'0:17.260',-0.005
'0:17.262',-0.005
'0:17.264',-0.005
'0:17.266',-0.015
'0:17.268',-0.020
'0:17.270',-0.030
'0:17.272',-0.035
'0:17.274',-0.040
'0:17.276',-0.040
'0:17.278',-0.035
'0:17.280',-0.025
'0:17.282',-0.020
'0:17.284',-0.015
'0:17.286',-0.010
'0:17.288',-0.010
'0:17.290',-0.010
'0:17.292',-0.015
'0:17.294',-0.020
'0:17.296',-0.025
'0:17.298',-0.025
'0:17.300',-0.025
'0:17.302',-0.025
'0:17.304',-0.020
'0:17.306',-0.020
'0:17.308',-0.015
'0:17.310',-0.020
'0:17.312',-0.025
'0:17.314',-0.030
'0:17.316',-0.035
'0:17.318',-0.040
'0:17.320',-0.040
'0:17.322',-0.035
'0:17.324',-0.030
'0:17.326',-0.025
'0:17.328',-0.020
'0:17.330',-0.015
'0:17.332',-0.010
'0:17.334',-0.015
'0:17.336',-0.015
'0:17.338',-0.025
'0:17.340',-0.030
'0:17.342',-0.035
'0:17.344',-0.035
'0:17.346',-0.040
'0:17.348',-0.035
'0:17.350',-0.035
'0:17.352',-0.035
'0:17.354',-0.030
'0:17.356',-0.030
'0:17.358',-0.030
'0:17.360',-0.030
'0:17.362',-0.025
'0:17.364',-0.025
'0:17.366',-0.025
'0:17.368',-0.020
'0:17.370',-0.020
'0:17.372',-0.020
'0:17.374',-0.020
'0:17.376',-0.025
'0:17.378',-0.030
'0:17.380',-0.035
'0:17.382',-0.035
'0:17.384',-0.040
'0:17.386',-0.040
'0:17.388',-0.035
'0:17.390',-0.025
'0:17.392',-0.020
'0:17.394',-0.010
'0:17.396',-0.005
'0:17.398',-0.005
'0:17.400',-0.005
'0:17.402',-0.010
'0:17.404',-0.015
'0:17.406',-0.020
'0:17.408',-0.025
'0:17.410',-0.025
'0:17.412',-0.020
'0:17.414',-0.020
'0:17.416',-0.015
'0:17.418',-0.010
'0:17.420',-0.010
'0:17.422',-0.010
'0:17.424',-0.015
'0:17.426',-0.020
'0:17.428',-0.025
'0:17.430',-0.025
'0:17.432',-0.025
'0:17.434',-0.020
'0:17.436',-0.015
'0:17.438',-0.005
'0:17.440',0.005
'0:17.442',0.010
'0:17.444',0.010
'0:17.446',0.005
'0:17.448',-0.005
'0:17.450',-0.015
'0:17.452',-0.025
'0:17.454',-0.035
'0:17.456',-0.040
'0:17.458',-0.040
'0:17.460',-0.035
'0:17.462',-0.025
'0:17.464',-0.015
'0:17.466',-0.010
'0:17.468',-0.010
'0:17.470',-0.010
'0:17.472',-0.015
'0:17.474',-0.025
'0:17.476',-0.035
'0:17.478',-0.040
'0:17.480',-0.040
'0:17.482',-0.035
'0:17.484',-0.030
'0:17.486',-0.025
'0:17.488',-0.015
'0:17.490',-0.015
'0:17.492',-0.015
'0:17.494',-0.020
'0:17.496',-0.025
'0:17.498',-0.035
'0:17.500',-0.040
'0:17.502',-0.040
'0:17.504',-0.035
'0:17.506',-0.030
'0:17.508',-0.020
'0:17.510',-0.015
'0:17.512',-0.005
'0:17.514',-0.005
'0:17.516',-0.005
'0:17.518',-0.010
'0:17.520',-0.020
'0:17.522',-0.025
'0:17.524',-0.025
'0:17.526',-0.030
'0:17.528',-0.025
'0:17.530',-0.020
'0:17.532',-0.015
'0:17.534',-0.015
'0:17.536',-0.010
'0:17.538',-0.015
'0:17.540',-0.020
'0:17.542',-0.025
'0:17.544',-0.035
'0:17.546',-0.040
'0:17.548',-0.040
'0:17.550',-0.040
'0:17.552',-0.035
'0:17.554',-0.025
'0:17.556',-0.020
'0:17.558',-0.010
'0:17.560',-0.005
'0:17.562',0.000
'0:17.564',0.005
'0:17.566',0.000
'0:17.568',0.000
'0:17.570',-0.005
'0:17.572',-0.010
'0:17.574',-0.010
'0:17.576',-0.015
'0:17.578',-0.015
'0:17.580',-0.010
'0:17.582',-0.005
'0:17.584',0.000
'0:17.586',0.010
'0:17.588',0.015
'0:17.590',0.025
'0:17.592',0.035
'0:17.594',0.040
'0:17.596',0.045
'0:17.598',0.045
'0:17.600',0.040
'0:17.602',0.035
'0:17.604',0.030
'0:17.606',0.020
'0:17.608',0.010
'0:17.610',0.000
'0:17.612',-0.010
'0:17.614',-0.015
'0:17.616',-0.025
'0:17.618',-0.030
'0:17.620',-0.030
'0:17.622',-0.035
'0:17.624',-0.035
'0:17.626',-0.040
'0:17.628',-0.040
'0:17.630',-0.040
'0:17.632',-0.040
'0:17.634',-0.040
'0:17.636',-0.040
'0:17.638',-0.040
'0:17.640',-0.040
'0:17.642',-0.045
'0:17.644',-0.045
'0:17.646',-0.050
'0:17.648',-0.055
'0:17.650',-0.055
'0:17.652',-0.050
'0:17.654',-0.050
'0:17.656',-0.040
'0:17.658',-0.035
'0:17.660',-0.030
'0:17.662',-0.030
'0:17.664',-0.030
'0:17.666',-0.030
'0:17.668',-0.035
'0:17.670',-0.040
'0:17.672',-0.040
'0:17.674',-0.045
'0:17.676',-0.050
'0:17.678',-0.050
'0:17.680',-0.060
'0:17.682',-0.070
'0:17.684',-0.085
'0:17.686',-0.100
'0:17.688',-0.115
'0:17.690',-0.120
'0:17.692',-0.105
'0:17.694',-0.075
'0:17.696',-0.015
'0:17.698',0.075
'0:17.700',0.185
'0:17.702',0.310
'0:17.704',0.435
'0:17.706',0.540
'0:17.708',0.615
'0:17.710',0.650
'0:17.712',0.635
'0:17.714',0.575
'0:17.716',0.475
'0:17.718',0.350
'0:17.720',0.210
'0:17.722',0.085
'0:17.724',-0.025
'0:17.726',-0.105
'0:17.728',-0.145
'0:17.730',-0.160
'0:17.732',-0.150
'0:17.734',-0.120
'0:17.736',-0.085
'0:17.738',-0.055
'0:17.740',-0.035
'0:17.742',-0.025
'0:17.744',-0.025
'0:17.746',-0.035
'0:17.748',-0.050
'0:17.750',-0.060
'0:17.752',-0.070
'0:17.754',-0.075
'0:17.756',-0.075
'0:17.758',-0.070
'0:17.760',-0.060
'0:17.762',-0.055
'0:17.764',-0.050
'0:17.766',-0.050
'0:17.768',-0.055
'0:17.770',-0.055
'0:17.772',-0.055
'0:17.774',-0.055
'0:17.776',-0.055
'0:17.778',-0.050
'0:17.780',-0.045
'0:17.782',-0.040
'0:17.784',-0.040
'0:17.786',-0.035
'0:17.788',-0.035
'0:17.790',-0.040
'0:17.792',-0.045
'0:17.794',-0.045
'0:17.796',-0.050
'0:17.798',-0.050
'0:17.800',-0.050
'0:17.802',-0.045
'0:17.804',-0.045
'0:17.806',-0.045
'0:17.808',-0.040
'0:17.810',-0.040
'0:17.812',-0.040
'0:17.814',-0.040
'0:17.816',-0.045
'0:17.818',-0.045
'0:17.820',-0.045
'0:17.822',-0.045
'0:17.824',-0.045
'0:17.826',-0.050
'0:17.828',-0.050
'0:17.830',-0.050
'0:17.832',-0.050
'0:17.834',-0.050
'0:17.836',-0.050
'0:17.838',-0.050
'0:17.840',-0.045
'0:17.842',-0.040
'0:17.844',-0.035
'0:17.846',-0.030
'0:17.848',-0.025
'0:17.850',-0.020
'0:17.852',-0.020
'0:17.854',-0.020
'0:17.856',-0.020
'0:17.858',-0.020
'0:17.860',-0.015
'0:17.862',-0.015
'0:17.864',-0.015
'0:17.866',-0.015
'0:17.868',-0.015
'0:17.870',-0.015
'0:17.872',-0.015
'0:17.874',-0.015
'0:17.876',-0.015
'0:17.878',-0.015
'0:17.880',-0.010
'0:17.882',-0.005
'0:17.884',0.000
'0:17.886',0.005
'0:17.888',0.015
'0:17.890',0.020
'0:17.892',0.020
'0:17.894',0.020
'0:17.896',0.020
'0:17.898',0.015
'0:17.900',0.010
'0:17.902',0.010
'0:17.904',0.010
'0:17.906',0.010
'0:17.908',0.020
'0:17.910',0.030
'0:17.912',0.040
'0:17.914',0.055
'0:17.916',0.065
'0:17.918',0.080
'0:17.920',0.085
'0:17.922',0.095
'0:17.924',0.100
'0:17.926',0.105
'0:17.928',0.110
'0:17.930',0.115
'0:17.932',0.115
'0:17.934',0.120
'0:17.936',0.120
'0:17.938',0.125
'0:17.940',0.125
'0:17.942',0.125
'0:17.944',0.125
'0:17.946',0.130
'0:17.948',0.130
'0:17.950',0.135
'0:17.952',0.145
'0:17.954',0.150
'0:17.956',0.155
'0:17.958',0.160
'0:17.960',0.160
'0:17.962',0.160
'0:17.964',0.155
'0:17.966',0.150
'0:17.968',0.140
'0:17.970',0.130
'0:17.972',0.120
'0:17.974',0.110
'0:17.976',0.105
'0:17.978',0.100
'0:17.980',0.095
'0:17.982',0.095
'0:17.984',0.090
'0:17.986',0.085
'0:17.988',0.080
'0:17.990',0.075
'0:17.992',0.060
'0:17.994',0.050
'0:17.996',0.035
'0:17.998',0.020
'0:18.000',0.005
'0:18.002',-0.010
'0:18.004',-0.015
'0:18.006',-0.020
'0:18.008',-0.020
'0:18.010',-0.020
'0:18.012',-0.010
'0:18.014',-0.005
'0:18.016',-0.005
'0:18.018',0.000
'0:18.020',-0.005
'0:18.022',-0.010
'0:18.024',-0.015
'0:18.026',-0.025
'0:18.028',-0.030
'0:18.030',-0.035
'0:18.032',-0.040
'0:18.034',-0.035
'0:18.036',-0.030
'0:18.038',-0.020
'0:18.040',-0.015
'0:18.042',-0.010
'0:18.044',-0.005
'0:18.046',-0.010
'0:18.048',-0.015
'0:18.050',-0.025
'0:18.052',-0.035
'0:18.054',-0.050
'0:18.056',-0.055
'0:18.058',-0.060
'0:18.060',-0.060
'0:18.062',-0.055
'0:18.064',-0.045
'0:18.066',-0.040
'0:18.068',-0.035
'0:18.070',-0.030
'0:18.072',-0.030
'0:18.074',-0.030
'0:18.076',-0.030
'0:18.078',-0.035
'0:18.080',-0.035
'0:18.082',-0.035
'0:18.084',-0.035
'0:18.086',-0.035
'0:18.088',-0.030
'0:18.090',-0.035
'0:18.092',-0.035
'0:18.094',-0.035
'0:18.096',-0.040
'0:18.098',-0.040
'0:18.100',-0.040
'0:18.102',-0.040
'0:18.104',-0.040
'0:18.106',-0.035
'0:18.108',-0.030
'0:18.110',-0.030
'0:18.112',-0.030
'0:18.114',-0.035
'0:18.116',-0.040
'0:18.118',-0.045
'0:18.120',-0.055
'0:18.122',-0.060
'0:18.124',-0.060
'0:18.126',-0.065
'0:18.128',-0.060
'0:18.130',-0.055
'0:18.132',-0.045
'0:18.134',-0.040
'0:18.136',-0.030
'0:18.138',-0.025
'0:18.140',-0.025
'0:18.142',-0.020
'0:18.144',-0.020
'0:18.146',-0.020
'0:18.148',-0.025
'0:18.150',-0.025
'0:18.152',-0.030
'0:18.154',-0.030
'0:18.156',-0.035
'0:18.158',-0.040
'0:18.160',-0.045
'0:18.162',-0.045
'0:18.164',-0.050
'0:18.166',-0.050
'0:18.168',-0.045
'0:18.170',-0.045
'0:18.172',-0.035
'0:18.174',-0.030
'0:18.176',-0.025
'0:18.178',-0.020
'0:18.180',-0.015
'0:18.182',-0.015
'0:18.184',-0.020
'0:18.186',-0.025
'0:18.188',-0.030
'0:18.190',-0.030
'0:18.192',-0.035
'0:18.194',-0.035
'0:18.196',-0.040
'0:18.198',-0.040
'0:18.200',-0.040
'0:18.202',-0.040
'0:18.204',-0.045
'0:18.206',-0.045
'0:18.208',-0.050
'0:18.210',-0.050
'0:18.212',-0.050
'0:18.214',-0.050
'0:18.216',-0.045
'0:18.218',-0.040
'0:18.220',-0.035
'0:18.222',-0.030
'0:18.224',-0.030
'0:18.226',-0.030
'0:18.228',-0.035
'0:18.230',-0.035
'0:18.232',-0.040
'0:18.234',-0.040
'0:18.236',-0.040
'0:18.238',-0.035
'0:18.240',-0.030
'0:18.242',-0.030
'0:18.244',-0.025
'0:18.246',-0.025
'0:18.248',-0.030
'0:18.250',-0.035
'0:18.252',-0.045
'0:18.254',-0.050
'0:18.256',-0.055
'0:18.258',-0.060
'0:18.260',-0.055
'0:18.262',-0.050
'0:18.264',-0.040
'0:18.266',-0.035
'0:18.268',-0.030
'0:18.270',-0.025
'0:18.272',-0.030
'0:18.274',-0.035
'0:18.276',-0.045
'0:18.278',-0.050
'0:18.280',-0.055
'0:18.282',-0.055
'0:18.284',-0.055
'0:18.286',-0.050
'0:18.288',-0.040
'0:18.290',-0.035
'0:18.292',-0.030
'0:18.294',-0.030
'0:18.296',-0.030
'0:18.298',-0.035
'0:18.300',-0.040
'0:18.302',-0.045
'0:18.304',-0.050
'0:18.306',-0.050
'0:18.308',-0.045
'0:18.310',-0.040
'0:18.312',-0.035
'0:18.314',-0.025
'0:18.316',-0.025
'0:18.318',-0.020
'0:18.320',-0.020
'0:18.322',-0.020
'0:18.324',-0.025
'0:18.326',-0.025
'0:18.328',-0.030
'0:18.330',-0.030
'0:18.332',-0.030
'0:18.334',-0.030
'0:18.336',-0.030
'0:18.338',-0.030
'0:18.340',-0.030
'0:18.342',-0.025
'0:18.344',-0.025
'0:18.346',-0.025
'0:18.348',-0.025
'0:18.350',-0.025
'0:18.352',-0.025
'0:18.354',-0.025
'0:18.356',-0.025
'0:18.358',-0.025
'0:18.360',-0.025
'0:18.362',-0.025
'0:18.364',-0.025
'0:18.366',-0.025
'0:18.368',-0.025
'0:18.370',-0.025
'0:18.372',-0.025
'0:18.374',-0.030
'0:18.376',-0.030
'0:18.378',-0.035
'0:18.380',-0.035
'0:18.382',-0.040
'0:18.384',-0.040
'0:18.386',-0.040
'0:18.388',-0.040
'0:18.390',-0.035
'0:18.392',-0.035
'0:18.394',-0.030
'0:18.396',-0.030
'0:18.398',-0.030
'0:18.400',-0.030
'0:18.402',-0.030
'0:18.404',-0.035
'0:18.406',-0.035
'0:18.408',-0.035
'0:18.410',-0.035
'0:18.412',-0.035
'0:18.414',-0.035
'0:18.416',-0.035
'0:18.418',-0.035
'0:18.420',-0.035
'0:18.422',-0.030
'0:18.424',-0.025
'0:18.426',-0.020
'0:18.428',-0.010
'0:18.430',0.005
'0:18.432',0.015
'0:18.434',0.030
'0:18.436',0.040
'0:18.438',0.040
'0:18.440',0.040
'0:18.442',0.040
'0:18.444',0.030
'0:18.446',0.020
'0:18.448',0.015
'0:18.450',0.010
'0:18.452',0.005
'0:18.454',0.010
'0:18.456',0.010
'0:18.458',0.015
'0:18.460',0.020
'0:18.462',0.020
'0:18.464',0.015
'0:18.466',0.010
'0:18.468',0.000
'0:18.470',-0.010
'0:18.472',-0.020
'0:18.474',-0.030
'0:18.476',-0.035
'0:18.478',-0.040
'0:18.480',-0.045
'0:18.482',-0.045
'0:18.484',-0.045
'0:18.486',-0.045
'0:18.488',-0.045
'0:18.490',-0.040
'0:18.492',-0.040
'0:18.494',-0.040
'0:18.496',-0.040
'0:18.498',-0.040
'0:18.500',-0.040
'0:18.502',-0.040
'0:18.504',-0.040
'0:18.506',-0.040
'0:18.508',-0.035
'0:18.510',-0.035
'0:18.512',-0.035
'0:18.514',-0.035
'0:18.516',-0.035
'0:18.518',-0.035
'0:18.520',-0.040
'0:18.522',-0.045
'0:18.524',-0.050
'0:18.526',-0.055
'0:18.528',-0.055
'0:18.530',-0.055
'0:18.532',-0.055
'0:18.534',-0.055
'0:18.536',-0.055
'0:18.538',-0.060
'0:18.540',-0.070
'0:18.542',-0.085
'0:18.544',-0.100
'0:18.546',-0.110
'0:18.548',-0.105
'0:18.550',-0.085
'0:18.552',-0.035
'0:18.554',0.040
'0:18.556',0.145
'0:18.558',0.260
'0:18.560',0.385
'0:18.562',0.495
'0:18.564',0.580
'0:18.566',0.630
'0:18.568',0.630
'0:18.570',0.585
'0:18.572',0.500
'0:18.574',0.385
'0:18.576',0.260
'0:18.578',0.135
'0:18.580',0.025
'0:18.582',-0.055
'0:18.584',-0.105
'0:18.586',-0.125
'0:18.588',-0.125
'0:18.590',-0.110
'0:18.592',-0.085
'0:18.594',-0.065
'0:18.596',-0.050
'0:18.598',-0.040
'0:18.600',-0.040
'0:18.602',-0.045
'0:18.604',-0.055
'0:18.606',-0.060
'0:18.608',-0.060
'0:18.610',-0.060
'0:18.612',-0.060
'0:18.614',-0.055
'0:18.616',-0.050
'0:18.618',-0.045
'0:18.620',-0.045
'0:18.622',-0.045
'0:18.624',-0.045
'0:18.626',-0.045
'0:18.628',-0.045
'0:18.630',-0.045
'0:18.632',-0.040
'0:18.634',-0.035
'0:18.636',-0.035
'0:18.638',-0.035
'0:18.640',-0.035
'0:18.642',-0.040
'0:18.644',-0.050
'0:18.646',-0.055
'0:18.648',-0.060
'0:18.650',-0.065
'0:18.652',-0.065
'0:18.654',-0.060
'0:18.656',-0.055
'0:18.658',-0.050
'0:18.660',-0.045
'0:18.662',-0.040
'0:18.664',-0.040
'0:18.666',-0.040
'0:18.668',-0.040
'0:18.670',-0.040
'0:18.672',-0.040
'0:18.674',-0.040
'0:18.676',-0.035
'0:18.678',-0.030
'0:18.680',-0.025
'0:18.682',-0.025
'0:18.684',-0.020
'0:18.686',-0.020
'0:18.688',-0.025
'0:18.690',-0.025
'0:18.692',-0.030
'0:18.694',-0.030
'0:18.696',-0.025
'0:18.698',-0.025
'0:18.700',-0.020
'0:18.702',-0.015
'0:18.704',-0.015
'0:18.706',-0.015
'0:18.708',-0.015
'0:18.710',-0.020
'0:18.712',-0.025
'0:18.714',-0.030
'0:18.716',-0.030
'0:18.718',-0.030
'0:18.720',-0.025
'0:18.722',-0.020
'0:18.724',-0.010
'0:18.726',-0.005
'0:18.728',0.005
'0:18.730',0.010
'0:18.732',0.010
'0:18.734',0.010
'0:18.736',0.015
'0:18.738',0.015
'0:18.740',0.020
'0:18.742',0.025
'0:18.744',0.030
'0:18.746',0.035
'0:18.748',0.040
'0:18.750',0.040
'0:18.752',0.035
'0:18.754',0.035
'0:18.756',0.030
'0:18.758',0.025
'0:18.760',0.025
'0:18.762',0.030
'0:18.764',0.040
'0:18.766',0.050
'0:18.768',0.065
'0:18.770',0.075
'0:18.772',0.085
'0:18.774',0.090
'0:18.776',0.090
'0:18.778',0.090
'0:18.780',0.090
'0:18.782',0.095
'0:18.784',0.100
'0:18.786',0.115
'0:18.788',0.125
'0:18.790',0.140
'0:18.792',0.150
'0:18.794',0.160
'0:18.796',0.160
'0:18.798',0.160
'0:18.800',0.150
'0:18.802',0.145
'0:18.804',0.140
'0:18.806',0.135
'0:18.808',0.140
'0:18.810',0.150
'0:18.812',0.160
'0:18.814',0.175
'0:18.816',0.185
'0:18.818',0.190
'0:18.820',0.190
'0:18.822',0.185
'0:18.824',0.175
'0:18.826',0.165
'0:18.828',0.155
'0:18.830',0.145
'0:18.832',0.140
'0:18.834',0.135
'0:18.836',0.135
'0:18.838',0.130
'0:18.840',0.125
'0:18.842',0.120
'0:18.844',0.105
'0:18.846',0.090
'0:18.848',0.075
'0:18.850',0.055
'0:18.852',0.045
'0:18.854',0.035
'0:18.856',0.025
'0:18.858',0.025
'0:18.860',0.025
'0:18.862',0.025
'0:18.864',0.025
'0:18.866',0.020
'0:18.868',0.015
'0:18.870',0.005
'0:18.872',0.000
'0:18.874',-0.010
'0:18.876',-0.020
'0:18.878',-0.025
'0:18.880',-0.025
'0:18.882',-0.025
'0:18.884',-0.025
'0:18.886',-0.020
'0:18.888',-0.020
'0:18.890',-0.020
'0:18.892',-0.025
'0:18.894',-0.025
'0:18.896',-0.030
'0:18.898',-0.030
'0:18.900',-0.030
'0:18.902',-0.025
'0:18.904',-0.020
'0:18.906',-0.015
'0:18.908',-0.010
'0:18.910',-0.010
'0:18.912',-0.010
'0:18.914',-0.010
'0:18.916',-0.015
'0:18.918',-0.015
'0:18.920',-0.020
'0:18.922',-0.020
'0:18.924',-0.015
'0:18.926',-0.015
'0:18.928',-0.010
'0:18.930',-0.005
'0:18.932',-0.005
'0:18.934',-0.005
'0:18.936',-0.010
'0:18.938',-0.020
'0:18.940',-0.025
'0:18.942',-0.035
'0:18.944',-0.040
'0:18.946',-0.045
'0:18.948',-0.045
'0:18.950',-0.040
'0:18.952',-0.035
'0:18.954',-0.030
'0:18.956',-0.025
'0:18.958',-0.020
'0:18.960',-0.020
'0:18.962',-0.020
'0:18.964',-0.020
'0:18.966',-0.025
'0:18.968',-0.025
'0:18.970',-0.025
'0:18.972',-0.025
'0:18.974',-0.020
'0:18.976',-0.020
'0:18.978',-0.015
'0:18.980',-0.015
'0:18.982',-0.015
'0:18.984',-0.015
'0:18.986',-0.015
'0:18.988',-0.015
'0:18.990',-0.020
'0:18.992',-0.020
'0:18.994',-0.025
'0:18.996',-0.025
'0:18.998',-0.030
'0:19.000',-0.030
'0:19.002',-0.030
'0:19.004',-0.030
'0:19.006',-0.030
'0:19.008',-0.030
'0:19.010',-0.025
'0:19.012',-0.020
'0:19.014',-0.020
'0:19.016',-0.020
'0:19.018',-0.020
'0:19.020',-0.025
'0:19.022',-0.030
'0:19.024',-0.035
'0:19.026',-0.040
'0:19.028',-0.045
'0:19.030',-0.040
'0:19.032',-0.035
'0:19.034',-0.025
'0:19.036',-0.015
'0:19.038',-0.005
'0:19.040',0.000
'0:19.042',0.005
'0:19.044',0.005
'0:19.046',0.005
'0:19.048',-0.005
'0:19.050',-0.015
'0:19.052',-0.025
'0:19.054',-0.030
'0:19.056',-0.030
'0:19.058',-0.030
'0:19.060',-0.025
'0:19.062',-0.020
'0:19.064',-0.015
'0:19.066',-0.010
'0:19.068',-0.010
'0:19.070',-0.015
'0:19.072',-0.025
'0:19.074',-0.035
'0:19.076',-0.045
'0:19.078',-0.050
'0:19.080',-0.050
'0:19.082',-0.045
'0:19.084',-0.040
'0:19.086',-0.030
'0:19.088',-0.020
'0:19.090',-0.010
'0:19.092',-0.005
'0:19.094',-0.005
'0:19.096',-0.010
'0:19.098',-0.015
'0:19.100',-0.020
'0:19.102',-0.025
'0:19.104',-0.025
'0:19.106',-0.025
'0:19.108',-0.025
'0:19.110',-0.020
'0:19.112',-0.015
'0:19.114',-0.010
'0:19.116',-0.010
'0:19.118',-0.010
'0:19.120',-0.015
'0:19.122',-0.020
'0:19.124',-0.025
'0:19.126',-0.030
'0:19.128',-0.030
'0:19.130',-0.030
'0:19.132',-0.025
'0:19.134',-0.025
'0:19.136',-0.020
'0:19.138',-0.020
'0:19.140',-0.020
'0:19.142',-0.025
'0:19.144',-0.030
'0:19.146',-0.035
'0:19.148',-0.035
'0:19.150',-0.035
'0:19.152',-0.035
'0:19.154',-0.030
'0:19.156',-0.020
'0:19.158',-0.015
'0:19.160',-0.005
'0:19.162',0.000
'0:19.164',0.000
'0:19.166',0.000
'0:19.168',0.000
'0:19.170',-0.005
'0:19.172',-0.010
'0:19.174',-0.015
'0:19.176',-0.025
'0:19.178',-0.025
'0:19.180',-0.030
'0:19.182',-0.030
'0:19.184',-0.030
'0:19.186',-0.025
'0:19.188',-0.025
'0:19.190',-0.025
'0:19.192',-0.025
'0:19.194',-0.025
'0:19.196',-0.025
'0:19.198',-0.030
'0:19.200',-0.030
'0:19.202',-0.035
'0:19.204',-0.035
'0:19.206',-0.040
'0:19.208',-0.040
'0:19.210',-0.040
'0:19.212',-0.035
'0:19.214',-0.035
'0:19.216',-0.030
'0:19.218',-0.025
'0:19.220',-0.020
'0:19.222',-0.015
'0:19.224',-0.015
'0:19.226',-0.010
'0:19.228',-0.015
'0:19.230',-0.015
'0:19.232',-0.020
'0:19.234',-0.025
'0:19.236',-0.025
'0:19.238',-0.030
'0:19.240',-0.030
'0:19.242',-0.030
'0:19.244',-0.030
'0:19.246',-0.025
'0:19.248',-0.025
'0:19.250',-0.025
'0:19.252',-0.030
'0:19.254',-0.035
'0:19.256',-0.040
'0:19.258',-0.045
'0:19.260',-0.050
'0:19.262',-0.050
'0:19.264',-0.050
'0:19.266',-0.045
'0:19.268',-0.040
'0:19.270',-0.035
'0:19.272',-0.030
'0:19.274',-0.025
'0:19.276',-0.020
'0:19.278',-0.020
'0:19.280',-0.025
'0:19.282',-0.025
'0:19.284',-0.025
'0:19.286',-0.030
'0:19.288',-0.025
'0:19.290',-0.025
'0:19.292',-0.020
'0:19.294',-0.015
'0:19.296',-0.010
'0:19.298',-0.005
'0:19.300',-0.005
'0:19.302',-0.005
'0:19.304',0.000
'0:19.306',0.000
'0:19.308',0.005
'0:19.310',0.005
'0:19.312',0.015
'0:19.314',0.020
'0:19.316',0.030
'0:19.318',0.040
'0:19.320',0.045
'0:19.322',0.050
'0:19.324',0.050
'0:19.326',0.050
'0:19.328',0.045
'0:19.330',0.040
'0:19.332',0.030
'0:19.334',0.025
'0:19.336',0.020
'0:19.338',0.015
'0:19.340',0.010
'0:19.342',0.010
'0:19.344',0.005
'0:19.346',0.000
'0:19.348',-0.005
'0:19.350',-0.015
'0:19.352',-0.020
'0:19.354',-0.030
'0:19.356',-0.035
'0:19.358',-0.045
'0:19.360',-0.045
'0:19.362',-0.050
'0:19.364',-0.050
'0:19.366',-0.050
'0:19.368',-0.050
'0:19.370',-0.050
'0:19.372',-0.045
'0:19.374',-0.045
'0:19.376',-0.040
'0:19.378',-0.040
'0:19.380',-0.035
'0:19.382',-0.035
'0:19.384',-0.030
'0:19.386',-0.030
'0:19.388',-0.035
'0:19.390',-0.035
'0:19.392',-0.040
'0:19.394',-0.045
'0:19.396',-0.050
'0:19.398',-0.055
'0:19.400',-0.055
'0:19.402',-0.050
'0:19.404',-0.045
'0:19.406',-0.035
'0:19.408',-0.025
'0:19.410',-0.020
'0:19.412',-0.020
'0:19.414',-0.030
'0:19.416',-0.050
'0:19.418',-0.070
'0:19.420',-0.090
'0:19.422',-0.105
'0:19.424',-0.100
'0:19.426',-0.075
'0:19.428',-0.025
'0:19.430',0.050
'0:19.432',0.145
'0:19.434',0.255
'0:19.436',0.365
'0:19.438',0.465
'0:19.440',0.535
'0:19.442',0.565
'0:19.444',0.560
'0:19.446',0.510
'0:19.448',0.425
'0:19.450',0.315
'0:19.452',0.195
'0:19.454',0.080
'0:19.456',-0.025
'0:19.458',-0.105
'0:19.460',-0.155
'0:19.462',-0.180
'0:19.464',-0.180
'0:19.466',-0.160
'0:19.468',-0.130
'0:19.470',-0.100
'0:19.472',-0.070
'0:19.474',-0.050
'0:19.476',-0.035
'0:19.478',-0.025
'0:19.480',-0.025
'0:19.482',-0.030
'0:19.484',-0.035
'0:19.486',-0.040
'0:19.488',-0.040
'0:19.490',-0.045
'0:19.492',-0.045
'0:19.494',-0.045
'0:19.496',-0.045
'0:19.498',-0.045
'0:19.500',-0.045
'0:19.502',-0.045
'0:19.504',-0.040
'0:19.506',-0.040
'0:19.508',-0.035
'0:19.510',-0.035
'0:19.512',-0.035
'0:19.514',-0.035
'0:19.516',-0.035
'0:19.518',-0.035
'0:19.520',-0.040
'0:19.522',-0.045
'0:19.524',-0.050
'0:19.526',-0.050
'0:19.528',-0.055
'0:19.530',-0.055
'0:19.532',-0.055
'0:19.534',-0.050
'0:19.536',-0.045
'0:19.538',-0.045
'0:19.540',-0.040
'0:19.542',-0.035
'0:19.544',-0.035
'0:19.546',-0.035
'0:19.548',-0.035
'0:19.550',-0.040
'0:19.552',-0.040
'0:19.554',-0.045
'0:19.556',-0.045
'0:19.558',-0.040
'0:19.560',-0.040
'0:19.562',-0.035
'0:19.564',-0.030
'0:19.566',-0.025
'0:19.568',-0.020
'0:19.570',-0.020
'0:19.572',-0.020
'0:19.574',-0.020
'0:19.576',-0.025
'0:19.578',-0.030
'0:19.580',-0.035
'0:19.582',-0.035
'0:19.584',-0.035
'0:19.586',-0.030
'0:19.588',-0.025
'0:19.590',-0.015
'0:19.592',-0.005
'0:19.594',0.000
'0:19.596',0.010
'0:19.598',0.020
'0:19.600',0.020
'0:19.602',0.020
'0:19.604',0.020
'0:19.606',0.015
'0:19.608',0.010
'0:19.610',0.005
'0:19.612',0.000
'0:19.614',0.000
'0:19.616',0.005
'0:19.618',0.010
'0:19.620',0.015
'0:19.622',0.020
'0:19.624',0.030
'0:19.626',0.035
'0:19.628',0.040
'0:19.630',0.045
'0:19.632',0.045
'0:19.634',0.050
'0:19.636',0.050
'0:19.638',0.055
'0:19.640',0.055
'0:19.642',0.060
'0:19.644',0.060
'0:19.646',0.065
'0:19.648',0.065
'0:19.650',0.070
'0:19.652',0.070
'0:19.654',0.075
'0:19.656',0.080
'0:19.658',0.090
'0:19.660',0.100
'0:19.662',0.110
'0:19.664',0.120
'0:19.666',0.130
'0:19.668',0.135
'0:19.670',0.145
'0:19.672',0.150
'0:19.674',0.150
'0:19.676',0.150
'0:19.678',0.150
'0:19.680',0.150
'0:19.682',0.150
'0:19.684',0.150
'0:19.686',0.150
'0:19.688',0.150
'0:19.690',0.150
'0:19.692',0.150
'0:19.694',0.150
'0:19.696',0.145
'0:19.698',0.145
'0:19.700',0.145
'0:19.702',0.140
'0:19.704',0.140
'0:19.706',0.140
'0:19.708',0.140
'0:19.710',0.135
'0:19.712',0.130
'0:19.714',0.125
'0:19.716',0.120
'0:19.718',0.110
'0:19.720',0.100
'0:19.722',0.095
'0:19.724',0.090
'0:19.726',0.080
'0:19.728',0.075
'0:19.730',0.070
'0:19.732',0.065
'0:19.734',0.060
'0:19.736',0.055
'0:19.738',0.050
'0:19.740',0.040
'0:19.742',0.030
'0:19.744',0.025
'0:19.746',0.015
'0:19.748',0.005
'0:19.750',-0.005
'0:19.752',-0.010
'0:19.754',-0.020
'0:19.756',-0.025
'0:19.758',-0.030
'0:19.760',-0.030
'0:19.762',-0.035
'0:19.764',-0.035
'0:19.766',-0.030
'0:19.768',-0.025
'0:19.770',-0.025
'0:19.772',-0.020
'0:19.774',-0.015
'0:19.776',-0.015
'0:19.778',-0.015
'0:19.780',-0.015
'0:19.782',-0.020
'0:19.784',-0.025
'0:19.786',-0.025
'0:19.788',-0.030
'0:19.790',-0.030
'0:19.792',-0.035
'0:19.794',-0.035
'0:19.796',-0.035
'0:19.798',-0.035
'0:19.800',-0.035
'0:19.802',-0.040
'0:19.804',-0.040
'0:19.806',-0.045
'0:19.808',-0.045
'0:19.810',-0.045
'0:19.812',-0.045
'0:19.814',-0.045
'0:19.816',-0.040
'0:19.818',-0.035
'0:19.820',-0.035
'0:19.822',-0.035
'0:19.824',-0.035
'0:19.826',-0.035
'0:19.828',-0.040
'0:19.830',-0.040
'0:19.832',-0.040
'0:19.834',-0.040
'0:19.836',-0.035
'0:19.838',-0.035
'0:19.840',-0.030
'0:19.842',-0.025
'0:19.844',-0.025
'0:19.846',-0.030
'0:19.848',-0.030
'0:19.850',-0.035
'0:19.852',-0.045
'0:19.854',-0.045
'0:19.856',-0.050
'0:19.858',-0.050
'0:19.860',-0.045
'0:19.862',-0.040
'0:19.864',-0.030
'0:19.866',-0.025
'0:19.868',-0.020
'0:19.870',-0.020
'0:19.872',-0.020
'0:19.874',-0.020
'0:19.876',-0.025
'0:19.878',-0.030
'0:19.880',-0.035
'0:19.882',-0.035
'0:19.884',-0.035
'0:19.886',-0.030
'0:19.888',-0.025
'0:19.890',-0.020
'0:19.892',-0.020
'0:19.894',-0.015
'0:19.896',-0.015
'0:19.898',-0.015
'0:19.900',-0.020
'0:19.902',-0.020
'0:19.904',-0.020
'0:19.906',-0.020
'0:19.908',-0.020
'0:19.910',-0.015
'0:19.912',-0.010
'0:19.914',-0.010
'0:19.916',-0.010
'0:19.918',-0.010
'0:19.920',-0.015
'0:19.922',-0.020
'0:19.924',-0.020
'0:19.926',-0.025
'0:19.928',-0.030
'0:19.930',-0.030
'0:19.932',-0.030
'0:19.934',-0.030
'0:19.936',-0.030
'0:19.938',-0.030
'0:19.940',-0.030
'0:19.942',-0.025
'0:19.944',-0.025
'0:19.946',-0.025
'0:19.948',-0.025
'0:19.950',-0.025
'0:19.952',-0.025
'0:19.954',-0.025
'0:19.956',-0.025
'0:19.958',-0.030
'0:19.960',-0.030
'0:19.962',-0.035
'0:19.964',-0.040
'0:19.966',-0.045
'0:19.968',-0.045
'0:19.970',-0.045
'0:19.972',-0.045
'0:19.974',-0.040
'0:19.976',-0.035
'0:19.978',-0.030
'0:19.980',-0.025
'0:19.982',-0.020
'0:19.984',-0.015
'0:19.986',-0.015
'0:19.988',-0.015
'0:19.990',-0.020
'0:19.992',-0.020
'0:19.994',-0.025
'0:19.996',-0.030
'0:19.998',-0.035
